y,Ne,Nd,Pe,Pd+,Te,Td+,Td,NVd+,NVd
0.009765625,7.280060208501108e+18,6507656635384.929,32.20680369110837,74.23888437759393,27.61227953344319,63.64819263835635,62.88211678214852,3.968588597752839e+19,-14431540159063.486
0.029296875,7.283466662887949e+18,6508166524046.529,32.20594929827004,74.22533094783599,27.598633192215676,63.60681007500547,62.87926346254604,4.033125091655174e+19,-43948681986261.38
0.048828125,7.288427136225488e+18,6509165770168.3125,32.211874496381235,74.22748110061987,27.584923772548585,63.56536084575653,62.873688490217376,5.624039394282623e+18,-73859087916544.36
0.068359375,7.292797699606593e+18,6510621681028.094,32.21519493444809,74.22350084508186,27.57123394904083,63.52385973025024,62.86560806669581,1.3510716949879228e+19,-103216202251505.4
0.087890625,7.29722304139624e+18,6512513885938.462,32.218706535109035,74.2199606944705,27.55751716310352,63.48230821514061,62.85513622485344,1.876598216746765e+19,-131967269881042.9
0.107421875,7.301680201850216e+18,6514812086245.61,32.22231515013389,74.21662628431471,27.543779904073755,63.44070647735787,62.84249586095765,2.262251811211363e+19,-160041042899682.6
0.126953125,7.306140498136416e+18,6517501639295.811,32.22589449804833,74.21320533530874,27.53002258764232,63.399054358565046,62.82775344995789,2.6864733178219586e+19,-187359649885556.28
0.146484375,7.310615548852959e+18,6520553278749.272,32.22949503128355,74.20981542840805,27.516244611523387,63.35735169803458,62.81113312475461,3.1064285895291003e+19,-213870371522471.78
0.166015625,7.315104046851596e+18,6523956727523.539,32.23311093429318,74.2064427115471,27.502446049428393,63.31559833575612,62.792666978199264,3.5277243302804496e+19,-239535205052579.12
0.185546875,7.319605770757264e+18,6527684203824.004,32.236741013468155,74.20308437276596,27.488626828844474,63.27379411099678,62.77257295380289,3.952661851621362e+19,-264327896147801.38
0.205078125,7.324120974855422e+18,6531728490308.864,32.24038616866885,74.19974242317394,27.47478687568212,63.23193886250818,62.750861158306904,4.380768547590794e+19,-288233429314091.56
0.224609375,7.328649690596545e+18,6536064046663.159,32.24404632762128,74.19641660934172,27.46092612523273,63.19003242854975,62.727734405589786,4.8125132924588196e+19,-311244590779881.1
0.244140625,7.333191986022696e+18,6540685306199.578,32.24772157444418,74.19310704546986,27.44704450956871,63.148074646865545,62.70319329612237,5.2482393256341225e+19,-333361727280367.8
0.263671875,7.337747934342202e+18,6545569424083.021,32.25141201481634,74.18981389441944,27.43314196070085,63.106065354686265,62.677419606524154,5.68826478587407e+19,-354589997595726.06
0.283203125,7.342317607306872e+18,6550711806258.965,32.2551177466673,74.18653730060787,27.419218410447904,63.06400438872673,62.65041111730181,6.132925713086489e+19,-374939665040670.0
0.302734375,7.346901079840616e+18,6556092416095.638,32.25883888031275,74.18327743677983,27.40527379026691,63.02189158518367,62.62232594632323,6.582557830952384e+19,-394423726358143.5
0.322265625,7.351498429423266e+18,6561706886048.955,32.26257553577742,74.18003449766981,27.391308031310846,62.97972677973445,62.59316528494679,7.037501054721189e+19,-413058413419155.6
0.341796875,7.356109736093755e+18,6567538195180.844,32.26632784276485,74.17680869993772,27.377321064419753,62.937509807538625,62.563061565526056,7.49810174467949e+19,-430861327173004.44
0.361328125,7.360735082369651e+18,6573581922817.619,32.2700959402679,74.17360028126143,27.36331282011851,62.895240503239734,62.53202140763094,7.964714405346176e+19,-447852021827875.56
0.380859375,7.365374552979914e+18,6579823652855.558,32.27387997536581,74.17040949755739,27.349283228617978,62.85291870097218,62.500154438705394,8.4377032590079e+19,-464050441382857.1
0.400390625,7.370028234599186e+18,6586258942199.772,32.27768010202979,74.167236620225,27.33523221981481,62.810544234366276,62.46747213592392,8.917442750162362e+19,-479477567736597.1
0.419921875,7.374696215647407e+18,6592875811432.085,32.281496480217406,74.16408193405978,27.321159723290677,62.768116936554335,62.434063137188915,9.404316773200981e+19,-494154226894961.6
0.439453125,7.379378586197859e+18,6599669586120.37,32.28532927544388,74.16094573626297,27.30706566831151,62.72563664017593,62.399944465364065,9.898716714772724e+19,-508101571417895.56
0.458984375,7.384075437983022e+18,6606630395467.478,32.28917865878004,74.15782833643178,27.292949983824883,62.68310317737861,62.36518676773193,1.0401038773597748e+20,-521340224924409.8
0.478515625,7.388786864437994e+18,6613753662543.786,32.29304480701436,74.15473005692398,27.278812598457456,62.640516379816994,62.32980960101975,1.0911681312144246e+20,-533890752429712.9
0.498046875,7.393512960706827e+18,6621031098011.8125,32.2969279026517,74.15165123284504,27.264653440512028,62.59787607864877,62.29387014423329,1.1431043067821544e+20,-545772955397790.56
0.517578125,7.398253823568314e+18,6628458192167.91,32.300828133561176,74.14859221122546,27.25047243796528,62.555182104529166,62.25738982055235,1.195952287526288e+20,-557006216393230.56
0.537109375,7.403009551304608e+18,6636028178511.321,32.304745692375946,74.1455533496295,27.236269518466184,62.512434287606446,62.220413569022284,1.2497521159771308e+20,-567609099966380.6
0.556640625,7.407780243603361e+18,6643736686533.343,32.30868077604147,74.1425350151078,27.222044609334684,62.46963245752009,62.18296361602229,1.3045442949662717e+20,-577599564720556.6
0.576171875,7.41256600160817e+18,6651577962446.382,32.312633586012275,74.13953758464044,27.2077976375612,62.42677644340194,62.14507663328936,1.3603701656770834e+20,-586994637773560.6
0.595703125,7.417366928186922e+18,6659548029838.71,32.3166043293959,74.13656144776199,27.19352852980491,62.383866073882615,62.106773430597215,1.4172722550551688e+20,-595810647867625.5
0.615234375,7.422183128388825e+18,6667642030793.43,32.320593220914425,74.13360701106289,27.17923721239184,62.34090117710053,62.06808389109302,1.4752944863668103e+20,-604063022593138.0
0.634765625,7.427014709960342e+18,6675856172563.712,32.32460048511575,74.13067470326064,27.16492361131274,62.29788158071178,62.02902831374456,1.5344821907488424e+20,-611766366505767.0
0.654296875,7.431861783748491e+18,6684186393144.715,32.328626358087675,74.12776497912631,27.1505876522211,62.254807111900426,61.989630737055066,1.594881936167441e+20,-618934403910278.6
0.673828125,7.436724463863974e+18,6692629324267.281,32.33267108812304,74.1248783209955,27.136229260431875,62.21167759738492,61.94990927982206,1.6565412727555123e+20,-625580091708329.4
0.693359375,7.441602867582141e+18,6701181330661.121,32.33673493524431,74.12201523765918,27.12184836092127,62.16849286342321,61.909884857897424,1.719508537340219e+20,-631715489836537.5
0.712890625,7.446497115070347e+18,6709839390931.834,32.3408181699755,74.11917626152635,27.10744487832662,62.12525273581464,61.869573600403605,1.7838328355858422e+20,-637351854263911.2
0.732421875,7.451407329094447e+18,6718600498423.276,32.344921072027326,74.11636194559397,27.093018736946412,62.081957039905184,61.828992280771686,1.8495642349128443e+20,-642499673476908.2
0.751953125,7.456333634857808e+18,6727461855322.799,32.34904392956109,74.11357286174666,27.07856986074038,62.03860560059327,61.788155800207576,1.916754099559032e+20,-647168646490731.4
0.771484375,7.461276160071209e+18,6736420764605.137,32.35318703945537,74.11080960136297,27.064098173329086,61.99519824234148,61.747078807910626,1.9854554340838536e+20,-651367670638890.1
0.791015625,7.466235035254536e+18,6745474891114.982,32.35735070857415,74.10807277822131,27.04960359799199,61.95173478919002,61.70577356261829,2.0557230988925082e+20,-655104931429490.0
0.810546875,7.47121039414512e+18,6754621863563.509,32.36153525549282,74.105363032454,27.035086057665776,61.90821506477304,61.66425261993229,2.1276138070995196e+20,-658387922359645.9
0.830078125,7.476202373974935e+18,6763859488991.313,32.365741011648794,74.10268103318117,27.020545474941166,61.86463889233253,61.62252734047824,2.2011858769241955e+20,-661223358209144.2
0.849609375,7.481211115365158e+18,6773185789409.229,32.369968320834374,74.10002747733785,27.00598177206148,61.82100609472825,61.5806080415499,2.2764987870640184e+20,-663617366521250.0
0.869140625,7.486236761755124e+18,6782598894645.461,32.37421753668046,74.09740308389087,26.991394870923724,61.777316494443056,61.538504159641064,2.3536126746318973e+20,-665575387034837.0
0.888671875,7.491279458616195e+18,6792096942149.292,32.378489019221256,74.09480858594527,26.976784693082088,61.733569913582606,61.49622519476691,2.432588017253443e+20,-667101041646530.6
0.908203125,7.496339353010083e+18,6801678312320.163,32.38278313295769,74.09224472628574,26.962151159751336,61.68976617387344,61.45377949424623,2.5134857839459297e+20,-668201540996643.4
0.927734375,7.501416594051335e+18,6811341500841.217,32.387100248825156,74.08971226187236,26.94749419180562,61.645905096665814,61.41117416472988,2.5963682174814116e+20,-668880645849220.1
0.947265625,7.506511334360016e+18,6821084978067.627,32.39144075042002,74.08721197810355,26.932813709771246,61.601986502948364,61.36841699704825,2.681300080412294e+20,-669138699522244.0
0.966796875,7.51162373181367e+18,6830907370401.847,32.39580504149122,74.08474470598611,26.918109633815302,61.55801021337685,61.32551488933733,2.7683497804607367e+20,-668979512310367.2
0.986328125,7.516753950332915e+18,6840807515564.471,32.40019354924516,74.0823113297192,26.90338188373749,61.513976048313616,61.28247318566107,2.8575895678750074e+20,-668405357209007.8
1.005859375,7.521902158598712e+18,6850784156634.8125,32.404606718740716,74.07991277386785,26.888630378972,61.46988382786144,61.23929809604829,2.9490942368865085e+20,-667418017867780.9
1.025390625,7.527068526645017e+18,6860836129907.439,32.409044998168326,74.07754996965346,26.873855038601086,61.42573337187502,61.19599548411302,3.042938493392031e+20,-666018798723282.5
1.044921875,7.532253221717123e+18,6870962534854.276,32.413508821023605,74.0752238141277,26.859055781373815,61.38152449993971,61.152569271281465,3.1391940445469154e+20,-664208679059772.9
1.064453125,7.537456405740948e+18,6881162384186.925,32.41799859525934,74.07293514531466,26.84423252571731,61.337257031318345,61.109024281660375,3.237927979865985e+20,-661988273867104.8
1.083984375,7.542678236464244e+18,6891434669814.512,32.422514708236754,74.07068475351298,26.82938518973062,61.29293078489218,61.06536564352106,3.339203722283763e+20,-659357806477597.6
1.103515625,7.547918872738604e+18,6901778716283.659,32.427057549427,74.06847343321347,26.814513691159437,61.24854557912643,61.02159608005827,3.443084732654393e+20,-656317189827291.5
1.123046875,7.553178482233777e+18,6912193748896.315,32.43162754346941,74.06630205870798,26.799617947361355,61.20410123209006,60.97771947146777,3.549639735323757e+20,-652866031297953.1
1.142578125,7.55845724822809e+18,6922678920179.091,32.43622517916225,74.06417165039026,26.784697875277914,61.159597561537616,60.9337401236173,3.65894720642638e+20,-649003569098308.6
1.162109375,7.563755371864127e+18,6933233733977.267,32.44085101892854,74.06208339641037,26.76975339142545,61.115034385030825,60.88965985017049,3.771096769520744e+20,-644728789551073.1
1.181640625,7.569073067559947e+18,6943857592105.767,32.44550567893716,74.06003860725394,26.75478441190918,61.070411520055,60.84548188577601,3.886186059349038e+20,-640040495943567.4
1.201171875,7.574410551576323e+18,6954549787933.936,32.450189779988506,74.05803860352685,26.739790852454075,61.02572878407471,60.80120980070628,4.00431316729044e+20,-634937282666822.2
1.220703125,7.579768026169113e+18,6965309968565.852,32.45490387966342,74.05608456096448,26.72477262843763,60.9809859944817,60.75684472730979,4.125566367204211e+20,-629417682348730.8
1.240234375,7.585145663500996e+18,6976137691106.014,32.45964840365683,74.05417735362163,26.709729654910706,60.93618296841782,60.712389380109876,4.2500138996388705e+20,-623480249731369.8
1.259765625,7.59054359408893e+18,6987032402493.096,32.46442359671727,74.05231744187442,26.694661846595935,60.89131952248862,60.667846468581324,4.377696876138754e+20,-617123466797407.2
1.279296875,7.595961903922556e+18,6997993834206.203,32.4692295107877,74.05050484538386,26.679569117859646,60.84639547241961,60.623216925321124,4.508627834114638e+20,-610345726824304.9
1.298828125,7.6014006426717e+18,7009021656006.1455,32.474066040536584,74.048739224234,26.664451382660943,60.80141063273003,60.5785031524325,4.642796299189169e+20,-603145280172730.5
1.318359375,7.606859842963471e+18,7020115489302.724,32.478933006020995,74.04702006759996,26.649308554488734,60.75636481651077,60.53370678377213,4.780181170609643e+20,-595520023304631.6
1.337890625,7.612339548048145e+18,7031275140711.685,32.48383027086846,74.04534696339454,26.63414054629955,60.711257835376266,60.4888286758417,4.920768149940489e+20,-587467346095853.2
1.357421875,7.617839842853633e+18,7042500369816.204,32.48875787452939,74.04371989992384,26.618947270473598,60.66608949963931,60.443871049887996,5.0645690913460735e+20,-578984044076830.4
1.376953125,7.623360881970938e+18,7053790941508.597,32.49371615102907,74.04213953665813,26.603728638800312,60.620859618710156,60.39883472286062,5.2116393235250715e+20,-570066177775535.9
1.396484375,7.628902907878395e+18,7065146691582.045,32.49870580577181,74.04060737926133,26.58848456250254,60.575568001672856,60.35372082085154,5.3620888637598466e+20,-560709071853439.3
1.416015625,7.634466253864674e+18,7076567511627.989,32.503727926975756,74.03912580553623,26.57321495229953,60.5302144579508,60.308530918158276,5.51608411958107e+20,-550907542283275.75
1.435546875,7.640051328632869e+18,7088053347115.473,32.50878391915159,74.03769791365936,26.557919718502326,60.48479879793202,60.2632648420378,5.673838181391123e+20,-540656080159273.94
1.455078125,7.645658583245823e+18,7099603973477.412,32.513875361730875,74.03632719986814,26.54259877112861,60.439320833420716,60.21792477902698,5.835590062490755e+20,-529949057486072.2
1.474609375,7.651288465385414e+18,7111219366616.945,32.51900381425849,74.03501711447052,26.52725202001577,60.3937803777923,60.172511826133835,6.001575944019646e+20,-518781182334474.9
1.494140625,7.656941369901058e+18,7122899688732.478,32.52417060646237,74.0337705835305,26.511879374906073,60.34817724578599,60.12702453519826,6.171998038022995e+20,-507147863151536.1
1.513671875,7.662617597017193e+18,7134644696955.66,32.52937666149941,74.03258960628108,26.496480745474578,60.30251125293891,60.081465798194635,6.346998247538718e+20,-495045312140425.94
1.533203125,7.668317329100389e+18,7146454441823.917,32.534622398471015,74.03147503324037,26.481056041278084,60.25678221476212,60.03583620707417,6.526643546111679e+20,-482470698588135.56
1.552734375,7.674040632984313e+18,7158329176771.157,32.53990774355876,74.03042659179592,26.465605171620833,60.21098994582119,59.99013417595565,6.710927527954582e+20,-469422143248734.8
1.572265625,7.679787488180377e+18,7170268626475.776,32.5452322507526,74.02944316136156,26.450128045357506,60.16513425892802,59.94436321076342,6.89978831219993e+20,-455898403343611.75
1.591796875,7.685557833823447e+18,7182273030122.171,32.550595301492066,74.02852322811276,26.43462457067885,60.11921496461824,59.89852225970845,7.0931381955582e+20,-441898702681194.94
1.611328125,7.691351621545144e+18,7194342721756.283,32.555996328750126,74.0276653951905,26.419094654937116,60.07323187101933,59.85260989615768,7.290896860470237e+20,-427422494010809.94
1.630859375,7.69716885982951e+18,7206477340447.961,32.561435004404494,74.02686880912108,26.403538204559606,60.027184784098885,59.806630653825174,7.493018995472575e+20,-412468996153154.2
1.650390625,7.703009638524766e+18,7218677221063.188,32.5669113421842,74.02613339390469,26.387955125073713,59.98107350818493,59.760582548946005,7.699509311859749e+20,-397037130967912.9
1.669921875,7.708874128929746e+18,7230942785994.218,32.57242569715841,74.02545984958188,26.372345321227638,59.93489784658307,59.71446420699422,7.910422315693008e+20,-381125675125626.94
1.689453125,7.71476256266038e+18,7243273788801.24,32.57797867567384,74.02484944707501,26.356708697161597,59.888657602111074,59.66827940636404,8.125849065454001e+20,-364733209813077.56
1.708984375,7.72067519841217e+18,7255670596132.284,32.58357099451261,74.0243037076464,26.341045156570253,59.84235257742045,59.622026007779596,8.34589667993254e+20,-347858236517326.6
1.728515625,7.726612287810715e+18,7268133516155.835,32.58920333662743,74.02382407476856,26.325354602804946,59.79598257505574,59.5757044332316,8.570667457481238e+20,-330499478311734.25
1.748046875,7.732574049556072e+18,7280662484657.528,32.59487624225023,74.02341166662316,26.309636938893576,59.749547397281134,59.52931689209905,8.800243105013837e+20,-312656014258371.06
1.767578125,7.738560656438107e+18,7293257999883.339,32.600590054521355,74.02306715268851,26.293892067485114,59.70304684575858,59.4828603098802,9.034676703171746e+20,-294327384068766.8
1.787109375,7.744572234756627e+18,7305920290418.389,32.60634491749248,74.02279074941747,26.2781198907524,59.65648072117798,59.43633654826056,9.27399208354184e+20,-275513727103173.7
1.806640625,7.750608872292048e+18,7318649419079.96,32.61214081010486,74.022582297615,26.262320310283854,59.60984882289284,59.38974674217255,9.518188424677589e+20,-256215658412302.78
1.826171875,7.756670630257188e+18,7331445819245.383,32.617977596801396,74.02244137706714,26.246493226984356,59.56315094824338,59.343088799098076,9.767247350440329e+20,-236434162575408.34
1.845703125,7.762757554812209e+18,7344309745721.573,32.62385507621956,74.02236743341564,26.23063854105425,59.516386905505485,59.296364718225,1.0021140362047333e+21,-216170717303205.47
1.865234375,7.768869685966413e+18,7357241591486.544,32.6297730187616,74.02235980457166,26.21475615198985,59.46955646648457,59.24957272755689,1.0279834699366023e+21,-195427186319210.2
1.884765625,7.775007065546026e+18,7370241598605.902,32.63573120001415,74.02241786593414,26.19884595850786,59.422659422164465,59.20271317554027,1.0543298638867593e+21,-174205573690870.8
1.904296875,7.7811697437358e+18,7383309973324.014,32.64172942817643,74.0225410967795,26.18290785856087,59.375695586033366,59.15578871944395,1.0811506051090603e+21,-152508056864920.1
1.923828125,7.787357781954835e+18,7396447358076.877,32.64776755607863,74.02272903426054,26.16694174940019,59.32866473547795,59.10879544060148,1.1084437533140618e+21,-130337019829532.08
1.943359375,7.793571253554168e+18,7409653901089.857,32.65384548390803,74.02298133639476,26.15094752754159,59.28156665741537,59.06173511069894,1.1362080285461924e+21,-107694968693320.75
1.962890625,7.799810243137566e+18,7422930002179.622,32.65996315619257,74.0232977611692,26.134925088758315,59.23440113706589,59.01460872992206,1.1644427495552742e+21,-84584631317159.98
1.982421875,7.806074843235121e+18,7436276326742.137,32.666120547755135,74.023678134654,26.118874328105356,59.18716795803948,58.96741281050401,1.1931475923994775e+21,-61008934812209.15
2.001953125,7.812365148709039e+18,7449692786997.14,32.6723176402141,74.02412229766405,26.10279513992743,59.1398669023315,58.92015176001293,1.2223222487658398e+21,-36970923709021.695
2.021484375,7.818681250517922e+18,7463180087709.29,32.67855439589075,74.02463004656718,26.086687417868703,59.09249775029192,58.87282338780323,1.2519660562270066e+21,-12473982612251.51
2.041015625,7.825023230522472e+18,7476739041920.222,32.684830736149635,74.02520108417242,26.07055105487155,59.045060280550324,58.82542393761524,1.282077689916581e+21,12478040641286.783
2.060546875,7.831391158634642e+18,7490369397957.815,32.691146529585026,74.0258349929641,26.054385943161723,58.997554269906885,58.77795987210392,1.3126549883097776e+21,37881013694799.42
2.080078125,7.837785092764991e+18,7504071945476.099,32.69750159191035,74.02653123488177,26.03819197422117,58.94997949321231,58.73042751193391,1.3436949467065376e+21,63730565191095.81
2.099609375,7.844205081074342e+18,7517847504050.716,32.703895695448786,74.02728917285764,26.02196903875509,58.902335723254154,58.68282452527394,1.3751938652226889e+21,90021812270259.11
2.119140625,7.850651165361971e+18,7531695928975.165,32.710328583326984,74.02810810300195,26.005717026660847,58.85462273066938,58.63515641974213,1.4071475988719125e+21,116749481660038.6
2.138671875,7.85712338427455e+18,7545618274002.63,32.716799982881376,74.02898728498566,25.98943582700603,58.80684028388941,58.587416945420436,1.439551834686095e+21,143908025991907.56
2.158203125,7.863621775417202e+18,7559615095135.42,32.72330961446105,74.02992596198185,25.973125328018686,58.758988149118174,58.539607988355726,1.4724023167395024e+21,171491394120821.56
2.177734375,7.870146376148607e+18,7573686349997.471,32.72985719473644,74.03092336815818,25.95678541708676,58.71106609033125,58.49173328810109,1.5056949536478446e+21,199493300017267.8
2.197265625,7.87669722344421e+18,7587833172455.057,32.736442436126026,74.03197872737974,25.940415980760374,58.66307386927964,58.443786226022624,1.5394257743061823e+21,227907210702758.1
2.216796875,7.883274353376791e+18,7602056103666.184,32.743065044628345,74.03309124830501,25.924016904748072,58.615011245478,58.39576969474467,1.5735907435518632e+21,256725910232947.06
2.236328125,7.889877800451159e+18,7616355666593.654,32.74972471704495,74.03426011809991,25.907588073903952,58.566877976163504,58.34768272142251,1.6081854985948286e+21,285941650896584.9
2.255859375,7.89650759655597e+18,7630732448908.884,32.756421136617845,74.0354844925512,25.8911293722086,58.51867381622219,58.299524929544255,1.6432050981734853e+21,315546493832445.75
2.275390625,7.903163769125939e+18,7645187072126.65,32.76315396540931,74.03676347879545,25.87464068274943,58.47039851808682,58.25129810445906,1.67864386880516e+21,345531904813243.75
2.294921875,7.909846338481171e+18,7659720464921.017,32.76992283331014,74.03809611042003,25.858121887707654,58.42205183162663,58.20299752071172,1.7144953833373777e+21,375888696540649.1
2.314453125,7.916555314998599e+18,7674332965599.131,32.77672732640111,74.03948132112085,25.84157286834985,58.37363350403946,58.15462579050376,1.750752540337471e+21,406607291615217.4
2.333984375,7.92329069720458e+18,7689025569230.495,32.78356697916956,74.04091792711638,25.824993505018153,58.32514327975661,58.10618220713363,1.7874076687545603e+21,437677346370797.25
2.353515625,7.930052471606132e+18,7703799286696.633,32.79044127393598,74.04240462589541,25.808383677112356,58.2765809003558,58.05766255019867,1.8244525891377808e+21,469087969979481.75
2.373046875,7.936840614194032e+18,7718654066628.24,32.797349647180546,74.04394001057634,25.791743263062518,58.22794610447819,58.009074020254104,1.8618786135114053e+21,500827897161007.25
2.392578125,7.943655092684298e+18,7733591280466.821,32.804291498893186,74.0455225910736,25.775072140299827,58.17923862774037,57.960410284208685,1.8996765208883152e+21,532885425266920.25
2.412109375,7.950495868381032e+18,7748612301061.009,32.81126620033294,74.04715081163256,25.758370185233208,58.13045820264527,57.911666282170714,1.9378365624218608e+21,565247909772282.9
2.431640625,7.957362897152449e+18,7763716410038.081,32.81827309811344,74.04882306003229,25.74163727323624,58.081604558498995,57.862855042457106,1.9763485203617263e+21,597902408283042.9
2.451171875,7.964256129844542e+18,7778906258982.704,32.82531151596068,74.05053767152303,25.7248732786384,58.032677421334284,57.8139606183337,2.0152017992474925e+21,630835590347566.1
2.470703125,7.971175512786447e+18,7794181792855.695,32.83238075683872,74.05229293361246,25.70807807471367,57.983676513846966,57.764992287328894,2.0543855078235392e+21,664033211789928.6
2.490234375,7.978120988661117e+18,7809540858981.605,32.839480106564345,74.05408709422746,25.691251533663774,57.934601555338475,57.71595869816716,2.0938885081201888e+21,697477538124589.0
2.509765625,7.985092497367304e+18,7824416003607.422,32.84660883737191,74.05591836975815,25.674393526601317,57.88545226166161,57.6710907710423,2.1336994353208898e+21,731107025662166.6
2.529296875,7.992089976541649e+18,7839946200443.118,32.853766210067235,74.05778494991354,25.657503923533113,57.83622834516751,57.621921020277576,2.1738067063352894e+21,765010247315617.8
2.548828125,7.999113361321418e+18,7855565121968.46,32.86095147306772,74.05968499552667,25.640582593354456,57.78692951465642,57.57268434445496,2.2141985001553886e+21,799110081336120.1
2.568359375,8.00616258396586e+18,7871270663907.211,32.86816386085272,74.06161663504997,25.623629403833043,57.73755547531821,57.52338928820223,2.2548626860027525e+21,833388616948081.8
2.587890625,8.013237573108469e+18,7887062907689.405,32.87540259090383,74.06357795764215,25.606644221591413,57.68810592866126,57.47404503772483,2.2957867049908634e+21,867824590374176.2
2.607421875,8.020338252426768e+18,7902944653344.41,32.882666858263605,74.06556700088883,25.58962691208471,57.63858057242367,57.42463593652513,2.3369574414683768e+21,902395978690741.9
2.626953125,8.027464538330515e+18,7918915406117.786,32.88995582610438,74.06758172951368,25.57257733958637,57.588979100472024,57.37517490486547,2.378361148891483e+21,937079342175819.9
2.646484375,8.034616337163738e+18,7934976786678.488,32.89726861435712,74.06962000971087,25.555495367183305,57.53930120269454,57.325656838385875,2.419983458610576e+21,971850771082143.4
2.666015625,8.041793543382973e+18,7951130524608.426,32.904604292380945,74.07167959261095,25.53838085677099,57.489546564899975,57.27607570365346,2.4618094381563065e+21,1006684798394727.5
2.685546875,8.048996040084993e+18,7967376837625.166,32.91196188125007,74.07375811946275,25.521233669032828,57.43971486872117,57.22643892135019,2.5038236366228155e+21,1041554459223797.2
2.705078125,8.056223701771735e+18,7983717236807.32,32.91934036514935,74.07585314736295,25.504053663400107,57.389805791519024,57.1767418842254,2.5460100857836727e+21,1076431832951520.9
2.724609375,8.063476397456784e+18,8000153159194.958,32.926738704113475,74.07796217798962,25.486840698007278,57.339819006284884,57.12698457832154,2.588352279057045e+21,1111287333139603.0
2.744140625,8.070753991761297e+18,8016685379958.496,32.9341558385291,74.08008266773042,25.469594629661703,57.28975418154121,57.07716962878743,2.630833164209834e+21,1146089386205892.8
2.763671875,8.078056343037847e+18,8033315504509.744,32.94159068152929,74.08221201050422,25.452315313836614,57.239610981244226,57.02729180342092,2.673435144445076e+21,1180804859281387.5
2.783203125,8.085383299627361e+18,8050044668947.705,32.94904210382478,74.08434750356577,25.435002604674306,57.18938906468519,56.977354660213685,2.7161400362040914e+21,1215398274924453.5
2.802734375,8.092734696345443e+18,8066874213005.147,32.95650891951885,74.08648631557512,25.417656354979023,57.13908808637911,56.92735573741523,2.7589289384261945e+21,1249831955204560.2
2.822265625,8.100110352538126e+18,8083805166096.302,32.9639898783424,74.08862546916244,25.40027641618953,57.08870769592961,56.877297436616104,2.8017820261096494e+21,1284066012161669.5
2.841796875,8.107510071462946e+18,8100839245976.554,32.97148366329268,74.09076183566033,25.38286263833679,57.03824753786313,56.82717936862824,2.844678333514534e+21,1318057740393492.8
2.861328125,8.114933639830957e+18,8117978069171.117,32.97898888894039,74.09289213130435,25.365414870003793,56.98770725143784,56.77699662436465,2.887595593572372e+21,1351761277021810.0
2.880859375,8.122380826795025e+18,8135222384879.424,32.98650409751192,74.09501290838827,25.347932958297065,56.93708647043866,56.72675610404758,2.9305101672833063e+21,1385127593110285.0
2.900390625,8.129851383005236e+18,8152574258091.195,32.99402775527889,74.09712054707502,25.33041674883109,56.88638482296688,56.67645368791084,2.973397083881879e+21,1418104334270349.5
2.919921875,8.137345041525625e+18,8170035056628.247,33.00155825651843,74.09921126422253,25.31286608571625,56.8356019312434,56.62608935970427,3.016230237921629e+21,1450635190933670.2
2.939453125,8.144861522574676e+18,8187605979531.014,33.00909394294567,74.10128115699987,25.295280811538717,56.78473741144604,56.57566726532226,3.0589828061987996e+21,1482659685330393.5
2.958984375,8.152400542880867e+18,8205289413250.424,33.01663314173794,74.1033262883072,25.277660767325074,56.733790873611284,56.52518068281789,3.101627893185012e+21,1514112827111911.8
2.978515625,8.159961828144953e+18,8223086382508.38,33.024174215954076,74.10534280007317,25.260005792491434,56.682761921628185,56.474635025151954,3.14413928602387e+21,1544924298871710.8
2.998046875,8.167545124525172e+18,8240998565313.72,33.031715610786094,74.10732701719535,25.24231572478939,56.63165015332395,56.424030357728505,3.186492071064532e+21,1575018364756713.2
3.017578125,8.175150203540557e+18,8259028219099.586,33.039255873030555,74.10927549132819,25.224590400264717,56.580455160610704,56.373362895321044,3.2286628130455594e+21,1604312961642268.2
3.037109375,8.182776855197334e+18,8277176678843.507,33.0467936229333,74.11118493774678,25.206829653232198,56.529176529619775,56.32263715610125,3.270629035345216e+21,1632718394722863.5
3.056640625,8.190424865764435e+18,8295446080494.522,33.05432746418643,74.11305203349032,25.189033316241993,56.477813840722085,56.27184964231024,3.3123677957223927e+21,1660136881360417.2
3.076171875,8.198093977421099e+18,8313838191735.68,33.06185582113432,74.11487305239272,25.171201219998373,56.426366668302876,56.221002979837586,3.3538531448517186e+21,1686461175193324.5
3.095703125,8.20578382595281e+18,8332354957831.555,33.069376688121984,74.11664330330747,25.153333193213662,56.37483458013213,56.17009730223732,3.395052185578138e+21,1711573309359289.0
3.115234375,8.21349385213897e+18,8350998595658.902,33.07688727392753,74.11835633322613,25.135429062428837,56.323217136129635,56.11913004190588,3.4359194717507724e+21,1735343521526438.0
3.134765625,8.221223187576221e+18,8369771025012.014,33.08438354490861,74.12000290325007,25.117488651876226,56.27151388630707,56.068104180793796,3.476389874672587e+21,1757628974669196.2
3.154296875,8.228970530293038e+18,8388674549321.679,33.09185972922012,74.12156987702083,25.099511783444793,56.219724367726656,56.01701720602161,3.5163710077929946e+21,1778273258307246.5
3.173828125,8.236734047781002e+18,8407711071379.871,33.09930793350634,74.12303936089685,25.081498276735882,56.16784810053246,55.96587162015889,3.555737662202768e+21,1797106219137674.8
3.193359375,8.24451136526159e+18,8426883264249.87,33.10671810352928,74.12438861472879,25.063447949075158,56.11588458349795,55.91466511027545,3.5943317702569917e+21,1813944216747775.5
3.212890625,8.252299699090461e+18,8446193352279.773,33.11407856707392,74.12559126756807,25.045360615245016,56.06383329001298,55.86339691474046,3.6319712343365973e+21,1828591207297459.0
3.232421875,8.260096163826623e+18,8465643504130.995,33.12137727032048,74.126620087522,25.027236086749618,56.011693665783035,55.81206931874569,3.6684689138097995e+21,1840839990617943.0
3.251953125,8.267898216629702e+18,8485236743524.118,33.12860355863432,74.12745097140767,25.009074170692593,55.959465129473266,55.760678293189095,3.703659428862876e+21,1850472439448987.0
3.271484375,8.275704129735734e+18,8504975081449.186,33.13575006216389,74.12806716872011,24.99087466877141,55.90714707721785,55.709226799326636,3.7374274905148065e+21,1857239171263098.5
3.291015625,8.283513339161606e+18,8524861642936.8,33.14281407880354,74.1284623740269,24.972637376950875,55.8547388870425,55.65770998680917,3.769729051785403e+21,1860937400731385.2
3.310546875,8.291326542387224e+18,8544899272482.311,33.149797948928935,74.12864152924224,24.9543620863362,55.80223990212122,55.60612900151525,3.8005975217557524e+21,1861305765322073.0
3.330078125,8.29914550115443e+18,8565090433628.064,33.15670825197572,74.12861920338504,24.936048585383595,55.74964957702169,55.554484045406916,3.8301316918753026e+21,1858022976584568.2
3.349609375,8.30697261045329e+18,8585438657970.812,33.16355407365034,74.12841547366202,24.917696662630966,55.69696730610776,55.5027701591971,3.858468888956127e+21,1850799639370399.8
3.369140625,8.314810397031174e+18,8605946824235.043,33.17034499944659,74.12805143066544,24.899306109368627,55.644192426162945,55.450987788711245,3.885754306824823e+21,1839280019156244.0
3.388671875,8.322661160249725e+18,8626618194346.454,33.17708968243223,74.1275462133157,24.88087672079227,55.59132439640015,55.399133997454676,3.9121199220595187e+21,1823056597984845.0
3.408203125,8.330526856289956e+18,8647456210895.117,33.18379538359142,74.12691579431335,24.862408294782888,55.53836265295398,55.347205528980346,3.9376778934143355e+21,1801659717993482.0
3.427734375,8.338409145348809e+18,8668464176890.729,33.19046816085597,74.1261734566231,24.84390062907111,55.485306640944394,55.29520043651044,3.962522088412094e+21,1774546725910297.5
3.447265625,8.346309410801516e+18,8689645753692.294,33.19711294309246,74.12532997381373,24.825353516376836,55.43215581283478,55.243112895327194,3.986723977151699e+21,1741090661761238.5
3.466796875,8.354228312882309e+18,8711004573359.471,33.20373175394825,74.12438966060195,24.806766739743104,55.37890962768819,55.19093889808592,4.0103025917855363e+21,1700567975009760.5
3.486328125,8.362164505932602e+18,8732544262419.138,33.210318615008816,74.12333895786702,24.7881400628094,55.32556749502439,55.138672218682174,4.033157584776389e+21,1652146363121024.8
3.505859375,8.370112816422956e+18,8754268613107.505,33.216852468157896,74.1221307241256,24.769473321583426,55.27212902887195,55.08630557721166,4.054912579349385e+21,1594874287084740.0
3.525390625,8.378061679521475e+18,8776181602098.551,33.22328653310041,74.12066066022317,24.75076602582379,55.2185932563701,55.033830169440925,4.0747378784577226e+21,1527676347862568.5
3.544921875,8.385984523476041e+18,8798287014301.885,33.22951507398695,74.11869141777063,24.73201796325887,55.16495860664632,54.98123547102256,4.091359180235583e+21,1449360055897175.8
3.564453125,8.393854190737895e+18,8820588835431.256,33.23543149751228,74.11598701196337,24.71322977163917,55.11122769447722,54.92851029410969,4.102259228056403e+21,1358631867404739.2
3.583984375,8.401620021514738e+18,8843091237028.691,33.24083316370887,74.11209217965856,24.69439956849175,55.0573935412535,54.875639893949035,4.1060353212724884e+21,1254146016404991.8
3.603515625,8.409247584141335e+18,8865798294246.314,33.245583238755685,74.10670870442615,24.675526245862372,55.003458308337144,54.82260941546294,4.096631053888952e+21,1134519793432197.8
3.623046875,8.416525055465447e+18,8888714397043.506,33.248850551370495,74.0979707507005,24.656613158539734,54.94941889117673,54.76940158575642,4.065308028081715e+21,998490864470770.5
3.642578125,8.423413934907623e+18,8911844066309.006,33.250476251901766,74.0855419855019,24.6376529587778,54.89527051652331,54.71599857599857,4.008041495031772e+21,845141323673366.8
3.662109375,8.429854220528941e+18,8935192550428.469,33.25023812076656,74.06889984567533,24.618653837850573,54.841009401553414,54.66238261199167,3.9210703141336494e+21,673966746389267.4
3.681640625,8.435789491847869e+18,8958766156270.78,33.24791647045636,74.04755415249541,24.59961483839848,54.786630897977346,54.60853426095995,3.80104929533007e+21,484943364552959.1
3.701171875,8.441179752648744e+18,8982571788998.6,33.24334534286357,74.02116008737993,24.580526384100327,54.73212986366793,54.55443728387933,3.645613139169281e+21,278591207985653.4
3.720703125,8.446011304366445e+18,9006617898370.328,33.2364808389601,73.98960437249325,24.561392269539677,54.677500952816835,54.5000754610068,3.454024407990816e+21,56016554107897.82
3.740234375,8.450303731910353e+18,9030914219641.217,33.22740384699414,73.95306553566404,24.542211642480467,54.62273881533212,54.445435227206595,3.2275844915170876e+21,-181084070278469.94
3.759765625,8.454112121259131e+18,9055471821689.576,33.21633447094921,73.91203222100698,24.522983614023286,54.56783837657837,54.3905072878109,2.96975858733799e+21,-430467488473204.9
3.779296875,8.457524678411663e+18,9080303748345.945,33.20362223008361,73.86728123200633,24.503707329761422,54.51279513505904,54.335283921872055,2.6860219100404116e+21,-689436289614773.2
3.798828125,8.460656032960892e+18,9105424403540.055,33.18971933701122,73.8198179703138,24.48438201644581,54.45760541119316,54.27976290045451,2.383441129101647e+21,-954972957560958.9
3.818359375,8.463637249788444e+18,9130849775584.91,33.1751411905409,73.77078843683063,24.465007026672104,54.402266530680805,54.22394549213527,2.0700595513577164e+21,-1223902074346448.8
3.837890625,8.466604204922276e+18,9156597493439.398,33.16042063072693,73.72137738951218,24.445581873224942,54.34677691813772,54.167836064565144,1.7541875176737845e+21,-1493063172185239.0
3.857421875,8.469686205509658e+18,9182686208626.326,33.14606334277636,73.67270910865652,24.426106247243307,54.29113609435717,54.111443516605185,1.443711631546192e+21,-1759475260611935.5
3.876953125,8.472996527833604e+18,9209135686597.613,33.132510948461636,73.62576531772132,24.406580017490953,54.23534458565955,54.05477906745196,1.1455229778422782e+21,-2020476807837596.2
3.896484375,8.476625988482984e+18,9235966558939.926,33.12011610341528,73.581329852927,24.38700321183523,54.17940376571674,53.99785638720683,8.651307882300585e+20,-2273829708775116.5
3.916015625,8.480639943114908e+18,9263199815896.627,33.10913108109753,73.53996335298963,24.367375985340914,54.12331565693194,53.9406913843685,6.064846184188401e+20,-2517781439191754.5
3.935546875,8.485078433376933e+18,9290857025478.256,33.099708687432845,73.5020053730583,24.347698581308137,54.06708271913437,53.88330029684902,3.71987242804768e+20,-2751086295026372.5
3.955078125,8.489958737433254e+18,9318959941237.283,33.09191254373726,73.46759731441944,24.327971291818287,54.01070764947673,53.82569986663833,1.626526193936405e+20,-2972990714357087.5
3.974609375,8.495279386061545e+18,9347530189884.266,33.08573303752131,73.43671792867428,24.308194422386414,53.95419320848233,53.7679075728476,-2.1648071873248915e+19,-3183190770486484.5
3.994140625,8.501024761752022e+18,9376589774659.38,33.081105481322055,73.40922370127173,24.28836826635846,53.897542087601714,53.709939041425706,-1.819067991879082e+20,-3381771865730854.0
4.013671875,8.507169548713085e+18,9406160583163.86,33.077927588197504,73.38488773232247,24.268493066218745,53.840756798035436,53.65180909120745,-3.197072825388454e+20,-3569138822787202.0
4.033203125,8.513682583750854e+18,9436264393105.475,33.07607402759148,73.36343328372409,24.248568602353902,53.78383961002624,53.593532086254434,-4.369862987760404e+20,-3745944007400671.0
4.052734375,8.5205297660118e+18,9466923371343.27,33.075411053129024,73.34455908657061,24.228596566038775,53.7267925437419,53.53511957707645,-5.358638861789519e+20,-3913019514034568.5
4.072265625,8.527676270991967e+18,9498159593944.633,33.075799208167076,73.32795844492847,24.208576210269626,53.669617314365816,53.47658239431491,-6.185021072171564e+20,-4071315494821257.0
4.091796875,8.53508877292102e+18,9529995425973.803,33.07710461441598,73.3133383648381,24.188506306198637,53.61231533213258,53.41792952054678,-6.86958556898555e+20,-4221847155732767.0
4.111328125,8.542736977936181e+18,9562453641610.465,33.079209025236814,73.30043272840035,24.168388168832408,53.55488776203339,53.35916789287726,-7.43111173076365e+20,-4365652546991905.0
4.130859375,8.550593972077837e+18,9595557265593.205,33.0820055187171,73.28900514368131,24.148221552877423,53.49733552468513,53.30030366529189,-7.886340098069299e+20,-4503760920106804.0
4.150390625,8.558636356084802e+18,9629329964471.55,33.085401352282894,73.2788499780038,24.128006399715296,53.43965931852518,53.24134103879682,-8.249819690919041e+20,-4637170690464714.0
4.169921875,8.566844285905916e+18,9663795931038.404,33.08931776208189,73.26979260195442,24.1077426164412,53.381859660667224,53.18228318114372,-8.533966057805104e+20,-4766835442208619.0
4.189453125,8.575200919053914e+18,9698980051087.467,33.09368779507665,73.26168452096573,24.087430094073074,53.3239369036216,53.12313209384356,-8.749203513482399e+20,-4893656743988312.0
4.208984375,8.583692398005181e+18,9734908050503.018,33.098456262056075,73.25440336568606,24.06706875449953,53.26589143066415,53.063888641650045,-8.904322250765638e+20,-5018482332399403.0
4.228515625,8.592308065242502e+18,9771606393564.785,33.10358000352985,73.24785350833444,24.04665817616236,53.20772287032803,53.0045532730227,-9.006911336687398e+20,-5142107625568959.0
4.248046875,8.601033460361437e+18,9809102672597.23,33.109002208128466,73.24190822114498,24.026198558666145,53.1494315066215,52.945124999244356,-9.061089947795257e+20,-5265279044754431.0
4.267578125,8.609870449541731e+18,9847425379704.607,33.11472805826017,73.23658121071986,24.00568938699099,53.09101837040663,52.88560275507337,-9.079879151315815e+20,-5388706886204372.0
4.287109375,8.618772145848364e+18,9886603980761.24,33.12057640164288,73.23146686238778,23.98513090542747,53.03248087046937,52.82598508475025,-9.072418941196437e+20,-5513043319340980.0
4.306640625,8.627764268160585e+18,9926669451985.654,33.12664430182204,73.22678347619254,23.964522510109898,52.9738207197664,52.76626933809461,-9.036110268946967e+20,-5638874214542733.0
4.326171875,8.636838972053583e+18,9967653841655.803,33.132900310868756,73.22245980607535,23.943864025094875,52.91503671727862,52.70645332462435,-8.973246100086304e+20,-5766752277333876.0
4.345703125,8.645989958155419e+18,10009590632982.576,33.13931904264566,73.21843946378493,23.923155304040097,52.85612874130938,52.64653428778573,-8.887358476762622e+20,-5897205777702549.0
4.365234375,8.655212412055639e+18,10052514768112.426,33.14588072945681,73.21467842099398,23.902396094374318,52.79709636067554,52.58650937374405,-8.781665765124713e+20,-6030741152981726.0
4.384765625,8.6645023077402e+18,10096462632571.516,33.152568697720454,73.21113947410603,23.881586156848016,52.73793913862845,52.52637554588706,-8.658807312410923e+20,-6167845323248466.0
4.404296875,8.67385646504732e+18,10141472669737.69,33.15936954139509,73.20779263981895,23.860725241420763,52.678656594862105,52.466128278437616,-8.520914318132132e+20,-6308989282147581.0
4.423828125,8.683272417274992e+18,10187584271623.0,33.16627260723955,73.20461401354645,23.839813090775834,52.619248215852096,52.405765993779355,-8.369689090474006e+20,-6454630738614023.0
4.443359375,8.692748233488475e+18,10234838947182.914,33.173269307765814,73.2015842488105,23.81884944237705,52.55971346162449,52.34528543617066,-8.206508886494768e+20,-6605218504734331.0
4.462890625,8.702282345087003e+18,10283280858615.701,33.180352451950895,73.19868707746018,23.7978340290897,52.50005176891301,52.28468058574439,-8.032529627473952e+20,-6761197328640265.0
4.482421875,8.711873403226941e+18,10332954954690.758,33.187515696749735,73.19590809777982,23.776766579659693,52.44026255345945,52.22394991818946,-7.848771734145031e+20,-6923010127790493.0
4.501953125,8.721520181043414e+18,10383908855960.791,33.19475317154839,73.19323394520234,23.755646818891783,52.38034521125674,52.163090193850955,-7.656179652223676e+20,-7091102108529978.0
4.521484375,8.731221521598131e+18,10436192555632.705,33.20205927818247,73.19065185100344,23.734474467626292,52.32029911913944,52.10209711988792,-7.455654225450521e+20,-7265923700060797.0
4.541015625,8.740976323592502e+18,10489858007772.447,33.20942863536376,73.1881495197954,23.713249242630383,52.2601236350974,52.04096692459066,-7.248062380569538e+20,-7447932641727616.0
4.560546875,8.75078355290479e+18,10544960295100.102,33.21685612141064,73.18571522380844,23.691970856486545,52.1998180985917,51.979694701317904,-7.03423106932157e+20,-7637596874610871.0
4.580078125,8.760642267877209e+18,10601555510128.074,33.224336968946865,73.18333801159261,23.67063901752855,52.139381831043806,51.918280553984495,-6.814932631048474e+20,-7835394108990668.0
4.599609375,8.770551648295226e+18,10659703842393.11,33.23186687315369,73.18100794638934,23.64925342984297,52.07881413657447,51.85671865897869,-6.59086765823904e+20,-8041815669954391.0
4.619140625,8.78051102066967e+18,10719468749895.664,33.23944208550574,73.17871631232808,23.627813793333665,52.0181143029925,51.79500238533649,-6.362649927273568e+20,-8257368416477446.0
4.638671875,8.79051987485523e+18,10780914171923.477,33.24705947427117,73.17645574726886,23.606319803835,51.95728160297781,51.733133112829236,-6.13079652243938e+20,-8482573096458530.0
4.658203125,8.800577868940355e+18,10844109677259.744,33.25471654037628,73.1742202772624,23.58477115325729,51.89631529536881,51.6711042443891,-5.895725104166335e+20,-8717970014305437.0
4.677734375,8.810684820855913e+18,10909126789123.346,33.262411383028045,73.1720052403722,23.563167529745833,51.83521462644215,51.6089129224095,-5.657759292166546e+20,-8964118632582923.0
4.697265625,8.820840686535029e+18,10976040332891.244,33.27014261476243,73.1698070992079,23.54150861783834,51.77397883106466,51.54655498231553,-5.417142219270942e+20,-9221600259946660.0
4.716796875,8.831045525890309e+18,11044930634704.494,33.277909230995526,73.16762315342723,23.51979409860423,51.712607133603356,51.484022673651296,-5.174057382601043e+20,-9491022844310162.0
4.736328125,8.841299459352372e+18,11115877277844.184,33.285710444687844,73.16545117562032,23.498023649750976,51.651098748494604,51.421321971060976,-4.928654999607215e+20,-9773016352652050.0
4.755859375,8.851602619067698e+18,11188968469555.086,33.29354550175275,73.16328900502003,23.476196945683608,51.589452880407116,51.358440701516614,-4.681081279728599e+20,-1.0068243652843532e+16
4.775390625,8.861955099839794e+18,11264296125807.705,33.30141349643889,73.16113414136002,23.454313657507807,51.52766872397385,51.2953710360955,-4.431507493785498e+20,-1.0377400753259442e+16
4.794921875,8.872356915294885e+18,11341951323249.395,33.309313207270534,73.15898338414166,23.432373452970463,51.46574546311366,51.23212107212753,-4.1801555805790896e+20,-1.0701211482113102e+16
4.814453125,8.882807964440165e+18,11422035761716.527,33.31724297281397,73.15683255962738,23.410375996340523,51.40368227001287,51.16867804975115,-3.9273173206678425e+20,-1.1040440416756496e+16
4.833984375,8.893308012766124e+18,11504652781688.059,33.325200622588724,73.15467636915616,23.38832094823825,51.34147830387528,51.10503870713317,-3.6733647953922936e+20,-1.1395887925571162e+16
4.853515625,8.90385669045403e+18,11589911060601.367,33.33318347237888,73.15250837901402,23.366207965428217,51.27913270957712,51.04119885263053,-3.41875083085157e+20,-1.1768393901056478e+16
4.873046875,8.914453508298522e+18,11677926243123.104,33.341188385832965,73.15032115589074,23.344036700596536,51.21664461637888,50.97714969813174,-3.1639992591744336e+20,-1.2158841216572522e+16
4.892578125,8.925097889901658e+18,11768814211392.057,33.34921189654858,73.14810653505353,23.32180680213428,51.15401313683688,50.91289943336397,-2.9096859637845315e+20,-1.2568147675329424e+16
4.912109375,8.935789216802413e+18,11862702388082.48,33.35725037781091,73.14585599296305,23.299517913949714,51.09123736604323,50.84843184597082,-2.6564126779769727e+20,-1.299727951153314e+16
4.931640625,8.946526881713314e+18,11959723925063.201,33.365300241677026,73.14356108406209,23.277169675329247,51.02831638128365,50.7837352254351,-2.4047762711650202e+20,-1.3447249455832182e+16
4.951171875,8.957310344132079e+18,12060012267451.945,33.37335814585819,73.1412138944105,23.254761720861893,50.965249242162095,50.71882242763836,-2.155336710408403e+20,-1.3919107570335266e+16
4.970703125,8.968139182410995e+18,12163712980254.025,33.381421186317226,73.13880746372043,23.232293680435813,50.902034991192366,50.65367887111768,-1.9085869775058203e+20,-1.4413955232105978e+16
4.990234375,8.97901313691945e+18,12270970826685.545,33.389487055710134,73.13633613225662,23.209765179306086,50.838672654808775,50.588310091680746,-1.6649279505507805e+20,-1.4932944182162228e+16
5.009765625,8.989932140023136e+18,12380613603142.076,33.3975541520014,73.13379577829848,23.187175838234413,50.775161244707704,50.52819936393437,-1.4246506945036894e+20,-1.5475591227555196e+16
5.029296875,9.000896330768432e+18,12495458242042.252,33.40562162969197,73.13118392974599,23.16452527366514,50.71149975939148,50.4623687719316,-1.187927542933206e+20,-1.6046382832442556e+16
5.048828125,9.011906052925929e+18,12614356131056.197,33.41368938907709,73.12849973987001,23.141813097954643,50.64768718580512,50.39631613265805,-9.548126267907958e+19,-1.6645043481700754e+16
5.068359375,9.022961838601623e+18,12737483314066.166,33.42175801203619,73.12574384603761,23.119038919584387,50.58372250088977,50.33004509555461,-7.252513627443487e+19,-1.7272933064840736e+16
5.087890625,9.034064379275417e+18,12865031848909.504,33.42982865162793,73.12291812735751,23.096202343373076,50.51960467295347,50.263540915471005,-4.990972612182003e+19,-1.7931493903475474e+16
5.107421875,9.045214488340756e+18,12997197202057.754,33.43790289081329,73.12002539493616,23.073302970644445,50.45533266275336,50.196814995685735,-2.7613417305712685e+19,-1.8622225319339852e+16
5.126953125,9.056413058997695e+18,13134190916334.842,33.44598258474775,73.11706904637633,23.050340399343845,50.3909054242245,50.12985348370829,-5.6101541316453e+18,-1.93467056139811e+16
5.146484375,9.067661021349874e+18,13276234349229.12,33.45406970096135,73.11405271587043,23.02731422409405,50.32632190482367,50.0626414706422,1.6127972535762692e+19,-2.0106591756625004e+16
5.166015625,9.078959302045714e+18,13423553370741.576,33.46216616976421,73.11097994686943,23.00422403618851,50.26158104549318,49.995185378486,3.762828951385624e+19,-2.0903611624798104e+16
5.185546875,9.090308789131001e+18,13576391572458.469,33.4702737546473,73.10785390865875,22.981069423526986,50.19668178027824,49.92747324284251,5.8915430623946195e+19,-2.1739587355480036e+16
5.205078125,9.101710304098873e+18,13734999948341.635,33.47839394986859,73.10467717251021,22.957849970502334,50.13162303565304,49.859503145109656,8.00096774344024e+19,-2.2616425284416296e+16
5.224609375,9.113164582488044e+18,13899644558788.271,33.48652791002231,73.1014515578413,22.934565257848735,50.06640372962887,49.79126600702874,1.0092583085747051e+20,-2.3536131197438516e+16
5.244140625,9.124672263778114e+18,14070604389794.9,33.49467641413897,73.09817805388626,22.91121486246281,50.00102277072606,49.7227525874474,1.216726487779909e+20,-2.4500811912969836e+16
5.263671875,9.136233890696577e+18,14248166696209.217,33.50283986451199,73.09485681724198,22.887798357208464,49.935479056892135,49.6539686320314,1.4225284241136429e+20,-2.551266739706531e+16
5.283203125,9.14784991732864e+18,14432640960944.934,33.511018317789976,73.09148723985865,22.864315310715742,49.86977147445028,49.58489883967633,1.6266358143024244e+20,-2.6574019680612944e+16
5.302734375,9.159520724612295e+18,14624346267431.465,33.51921154293,73.0880680756168,22.840765287184066,49.80389889714763,49.515539653260134,1.8289741485152826e+20,-2.768729597330818e+16
5.322265625,9.171246641002372e+18,14823618188104.95,33.52741909772688,73.08459760736142,22.81714784619947,49.7378601853592,49.44588864863493,2.0294347477246103e+20,-2.8855040982194776e+16
5.341796875,9.18302796546665e+18,15030810201029.78,33.535640413431466,73.08107383147514,22.793462542575305,49.67165418548077,49.375938406018605,2.2278880063269454e+20,-3.0079923908986748e+16
5.361328125,9.194864989727526e+18,15246291359834.633,33.54387487614113,73.0774946352882,22.769708926222684,49.60527972951775,49.30568533633697,2.4241961174977692e+20,-3.1364737400905692e+16
5.380859375,9.206758016924815e+18,15470451294603.996,33.55212189469141,73.07385794492694,22.74588654205532,49.53873563485215,49.23512145831403,2.6182237250927896e+20,-3.271241104535056e+16
5.400390625,9.218707374674185e+18,15703695830299.09,33.5603809477645,73.07016182774424,22.721994929927515,49.47202070414727,49.1642454524419,2.809845392864382e+20,-3.4126005510067716e+16
5.419921875,9.230713421706994e+18,15946452936987.33,33.56865160739204,73.0664045432205,22.698033624599727,49.40513372533745,49.09305177548233,2.998949447607361e+20,-3.5608728006246984e+16
5.439453125,9.242776548643971e+18,16199171643184.574,33.57693354101486,73.06258454709564,22.674002155722008,49.33807347164732,49.021534512840844,3.185438504176348e+20,-3.716393533762268e+16
5.458984375,9.25489717465237e+18,16462322478439.191,33.585226498588405,73.05870046291608,22.649900047823422,49.270838701595686,48.94969039331486,3.369227643467596e+20,-3.879513839080322e+16
5.478515625,9.267075742464045e+18,16736399607419.389,33.59353029380848,73.05475104079642,22.62572682029545,49.20342815895632,48.87751597946989,3.5502416247042035e+20,-4.050601070486361e+16
5.498046875,9.279312714307609e+18,17021921862339.334,33.60184478873589,73.05073512361469,22.601481987361417,49.13584057267183,48.80500734118887,3.728412565567187e+20,-4.2300395663204376e+16
5.517578125,9.291608570722685e+18,17319434600766.01,33.610169888908075,73.04665163606936,22.577165058027354,49.06807465673646,48.73215967830553,3.9036792064773476e+20,-4.418231607816717e+16
5.537109375,9.303963813150108e+18,17629509191538.996,33.61850555209374,73.04249960344426,22.552775536017368,49.00012911007914,48.65897128274391,4.075988277818163e+20,-4.6155977190603016e+16
5.556640625,9.31637896993012e+18,17952746368142.97,33.62685180926787,73.03827819695745,22.528312919699424,48.93200261647947,48.58543920234616,4.2452977767635255e+20,-4.822577967827513e+16
5.576171875,9.328854604234078e+18,18289777143830.97,33.63520879240877,73.03398679392731,22.503776702010022,48.86369384454265,48.511560211591586,4.411581328133364e+20,-5.0396327900946664e+16
5.595703125,9.341391321790085e+18,18641263932549.176,33.64357676137049,73.02962503589241,22.47916637038727,48.795201447743786,48.4373323356519,4.5748324186342896e+20,-5.267243815550445e+16
5.615234375,9.35398977619383e+18,19007902328557.8,33.65195612189507,73.02519286743494,22.45448140671681,48.72652406452872,48.362754305714645,4.735067249072488e+20,-5.505914880566269e+16
5.634765625,9.366650670109534e+18,19390423448642.094,33.66034742874029,73.02069054263306,22.42972128729209,48.657660318443575,48.287824384642626,4.892325240511374e+20,-5.756173304639941e+16
5.654296875,9.379374751597984e+18,19789595228680.68,33.66875137129096,73.01611859345334,22.404885482784785,48.588608818250414,48.2125415073711,5.0466667632381526e+20,-6.0185709220709144e+16
5.673828125,9.392162805897648e+18,20206224306527.965,33.67716874294701,73.01147776292785,22.37997345821784,48.519368157984644,48.13690536441695,5.198168279865346e+20,-6.293685280127059e+16
5.693359375,9.405015643949828e+18,20641158421013.89,33.68560039902608,73.00676891343566,22.354984672931604,48.44993691691687,48.06091580903982,5.3469156435524295e+20,-6.582121059489591e+16
5.712890625,9.41793408957518e+18,21095288396925.758,33.69404721008454,73.00199292509741,22.32991858053428,48.38031365939674,47.98457317533929,5.4929966416345196e+20,-6.884511433477943e+16
5.732421875,9.43091896736124e+18,21569550414175.207,33.70251001804877,72.99715060032786,22.30477462883059,48.310496934573635,47.907878238979976,5.636493960635037e+20,-7.2015195449263704e+16
5.751953125,9.443971093023308e+18,22064928339785.605,33.71098960142794,72.99224258814155,22.279552259727105,48.240485276009636,47.83083235647245,5.7774795795193194e+20,-7.533840038585579e+16
5.771484375,9.457091267378194e+18,22582456478819.805,33.71948665360568,72.9872693368563,22.254250909115395,48.170277201210396,47.75343713952312,5.916011242398982e+20,-7.88220078552579e+16
5.791015625,9.470280274308403e+18,23123221969572.363,33.72800177546476,72.98223107788043,22.228870006739633,48.09987121111126,47.6756948582074,6.052131221867368e+20,-8.247364530686222e+16
5.810546875,9.483538882382354e+18,23688367834620.547,33.736535481052606,72.97712783774999,22.203408976055247,48.02926578955274,47.5976080855649,6.18586716637331e+20,-8.630130805248958e+16
5.830078125,9.496867849274616e+18,24279095787313.92,33.74508821315289,72.97195947159528,22.17786723408604,47.958459402775794,47.519179887226464,6.317234515403755e+20,-9.031337808532498e+16
5.849609375,9.510267927862899e+18,24896669443533.137,33.75366036470464,72.96672570922584,22.1522441912856,47.88745049895727,47.44041374916299,6.446239813383757e+20,-9.451864482682171e+16
5.869140625,9.523739872856308e+18,25542417646933.113,33.76225230196366,72.9614262049359,22.126539251406474,47.81623750779459,47.3613135508122,6.572884262007901e+20,-9.89263269114079e+16
5.888671875,9.53728444697305e+18,26217737880950.24,33.77086438591511,72.95606058347298,22.10075181137864,47.74481884013936,47.28188361913218,6.697166986683579e+20,-1.035460948443916e+17
5.908203125,9.550902425960665e+18,26924100030820.844,33.77949698944683,72.95062847679054,22.074881261196197,47.67319288767218,47.202128575536264,6.819087694908384e+20,-1.0838809565059792e+17
5.927734375,9.564594602072142e+18,27663050295058.88,33.78815050894807,72.94512954870933,22.048926983811416,47.601358022608046,47.12205337062824,6.938648604672768e+20,-1.1346297881920192e+17
5.947265625,9.578361785929345e+18,28436215160387.797,33.796825370131145,72.9395635070674,22.022888355033295,47.5293125974202,47.04166340934206,7.055855665036935e+20,-1.1878192305502491e+17
5.966796875,9.592204806985679e+18,29245305893853.66,33.80552202886594,72.93393010508285,21.996764743428706,47.457054944571894,46.96096425387534,7.170719154615422e+20,-1.243566658430179e+17
5.986328125,9.60612451300908e+18,30092123101526.87,33.81424096854555,72.92822913522232,21.970555510223004,47.38458337624579,46.879961698828154,7.283253739315551e+20,-1.3019953406674565e+17
6.005859375,9.62012176910558e+18,30978561456105.727,33.82298269583664,72.92246041958713,21.94426000919748,47.31189618406403,46.798661882879664,7.393478039631812e+20,-1.3632347587104304e+17
6.025390625,9.634197456762808e+18,31906614913168.258,33.83174773650652,72.9166238004681,21.917877586580545,47.23899163878933,46.71707106403757,7.501413750370072e+20,-1.4274209529714685e+17
6.044921875,9.64835247321118e+18,32878382151372.062,33.84053663236857,72.91071913330919,21.891407580931073,47.165867990001985,46.635195582825936,7.60708440449502e+20,-1.4946968867600022e+17
6.064453125,9.662587731131253e+18,33896072150457.008,33.84934993943429,72.90474628225877,21.864849323012802,47.092523465746254,46.55304197827766,7.710513971746224e+20,-1.565212821828319e+17
6.083984375,9.676904158483409e+18,34962010287017.77,33.858188226482255,72.89870511659366,21.83820213566207,47.01895627214627,46.47061684283163,7.811725583836426e+20,-1.6391267230770355e+17
6.103515625,9.69130269812485e+18,36078644772520.51,33.86705207287341,72.8925955054917,21.81146533365163,46.94516459299568,46.387926736125294,7.910740712441653e+20,-1.7166046861512723e+17
6.123046875,9.70578430698741e+18,37248553277974.75,33.87594206483478,72.8864173094836,21.784638223554502,46.87114658933035,46.30497826201885,8.007579042331912e+20,-1.7978213791878518e+17
6.142578125,9.720349954895542e+18,38474450098120.39,33.88485879050447,72.88017036923264,21.75772010360999,46.79690039899521,46.22177796819448,8.102259082510299e+20,-1.8829605153574365e+17
6.162109375,9.735000623467991e+18,39759193720042.06,33.89380283529319,72.87385449501161,21.730710263591583,46.72242413621779,46.13833228188696,8.19479931142085e+20,-1.9722153513418624e+17
6.181640625,9.749737305768978e+18,41105794714169.84,33.90277477986935,72.8674694618522,21.703607984673223,46.647715891191545,46.054647534720225,8.285219465892155e+20,-2.0657892071160547e+17
6.201171875,9.764561007292727e+18,42517424179333.83,33.91177520276781,72.86101501466223,21.676412539290666,46.57277372967011,45.97072988736968,8.373541550738902e+20,-2.1638960187477555e+17
6.220703125,9.779472748455619e+18,43997422656491.03,33.92080468817886,72.85449088448281,21.649123190993507,46.49759569256331,45.88658529368358,8.459790291733642e+20,-2.2667609210155725e+17
6.240234375,9.794473568180584e+18,45549309505264.58,33.92986383743273,72.84789681265293,21.621739194288658,46.422179795526056,45.80221949891084,8.543993014802271e+20,-2.3746208592439728e+17
6.259765625,9.80956452765048e+18,47176792887988.71,33.938953280954976,72.84123257591857,21.594259794478006,46.34652402853233,45.71763797914391,8.62617918331556e+20,-2.4877252381219037e+17
6.279296875,9.824746713130027e+18,48883780301664.95,33.94807368689081,72.83449800430444,21.566684227494687,46.27062635543034,45.6328459229723,8.706379940638976e+20,-2.6063366048235376e+17
6.298828125,9.840021237016189e+18,50674389706420.836,33.95722576353555,72.82769298561203,21.539011719743836,46.19448471348278,45.547848220840905,8.784627932268643e+20,-2.730731368658087e+17
6.318359375,9.85538923687977e+18,52552961343700.24,33.96641025480829,72.8208174549457,21.51124148794788,46.118097012895724,45.46264942111373,8.860957464506576e+20,-2.8612005625948093e+17
6.337890625,9.870851872950987e+18,54524070213369.73,33.97562793038747,72.81387137278558,21.4833727389953,46.04146113634149,45.37725371935573,8.935404813699912e+20,-2.998050645307179e+17
6.357421875,9.88641032498424e+18,56592539277996.71,33.98487957376263,72.80685469862458,21.45540466978684,45.96457493847239,45.29166494810823,9.008008363010506e+20,-3.14160434739235e+17
6.376953125,9.902065789520255e+18,58763453466357.66,33.99416597170943,72.79976736770367,21.427336467073637,45.88743624542172,45.205886549839306,9.078808287620926e+20,-3.292201566206571e+17
6.396484375,9.917819478247731e+18,61042174477586.84,34.00348790757687,72.79260927594862,21.39916730728345,45.81004285428054,45.11992157094018,9.147845713609215e+20,-3.450200309652252e+17
6.416015625,9.933672617637177e+18,63434356458277.336,34.01284615894261,72.78538027426718,21.3708963563341,45.73239253254312,45.03377265542522,9.215161534641444e+20,-3.6159776929021965e+17
6.435546875,9.949626449544729e+18,65945962617839.484,34.022241498567865,72.7780801698804,21.342522769437593,45.65448301751781,44.947442032687576,9.28079524926114e+20,-3.789930991912642e+17
6.455078125,9.96568223226279e+18,68583282817073.58,34.03167469683984,72.77070873078776,21.31404569089832,45.5763120157069,44.860931515417704,9.344784188584532e+20,-3.9724787557237165e+17
6.474609375,9.981841241555513e+18,71352952200465.4,34.04114652411698,72.76326568997055,21.285464253909012,45.497877202163814,44.77424249880163,9.407163340442531e+20,-4.164061981507555e+17
6.494140625,9.998104771434357e+18,74261970941109.14,34.050657752144446,72.75575074756726,21.25677758034511,45.41917621983729,44.68737595960828,9.467965728257222e+20,-4.3651453564511e+17
6.513671875,1.0014474134644926e+19,77317725161343.4,34.06020915445024,72.74816357084622,21.227984780557847,45.3402066789106,44.60033245821472,9.527223090252145e+20,-4.5762185703009875e+17
6.533203125,1.0030950662975089e+19,80528009101948.5,34.06980150610246,72.74050379279667,21.199084953164977,45.26096615613576,44.51311214321059,9.584966514816827e+20,-4.797797702985757e+17
6.552734375,1.0047535707565965e+19,83901048620227.02,34.079435583447705,72.73277101066567,21.170077184838252,45.18145219416125,44.42571475810829,9.641226743746286e+20,-5.030426692167536e+17
6.572265625,1.0064230639414886e+19,87445526100938.38,34.089112164465284,72.72496478578907,21.140960550084404,45.1016623008432,44.33813964787357,9.696034016114662e+20,-5.2746788857350304e+17
6.591796875,1.0081036850149804e+19,91170606864989.98,34.09883202999568,72.71708464525982,21.11173411101743,45.021593948532576,44.250385767764044,9.74941750957358e+20,-5.531158684156259e+17
6.611328125,1.0097955752905054e+19,95085967173737.0,34.10859596525659,72.70913008417273,21.0823969171205,44.94124457333251,44.162451694083366,9.801404557378785e+20,-5.800503278212911e+17
6.630859375,1.0114988782871958e+19,99201823928140.5,34.118404760209145,72.70110056536315,21.052948005000903,44.86061157432217,44.074335634875965,9.852019846248965e+20,-6.083384487613219e+17
6.650390625,1.0132137397102508e+19,103528966166169.27,34.12825920737282,72.69299551364371,21.02338639814356,44.779692312748885,43.9860354423116,9.901284791237539e+20,-6.380510706106715e+17
6.669921875,1.01494030735816e+19,108078788481569.16,34.13816009717021,72.68481430472161,20.9937111066662,44.69848411119227,43.89754862471381,9.949217332502857e+20,-6.692628959909513e+17
6.689453125,1.016678731027374e+19,112863326478472.02,34.14810821319459,72.67655625392166,20.96392112707465,44.61698425270825,43.808872359743006,9.995832484635882e+20,-7.020527085787785e+17
6.708984375,1.0184291625267024e+19,117895294384831.4,34.15810433115235,72.66822061275518,20.934015442009205,44.53518997996966,43.7200035099504,1.0041143884614456e+21,-7.365036035761216e+17
6.728515625,1.0201917558760241e+19,123188124979780.2,34.16814922392868,72.65980657857021,20.903993019974592,44.45309849441822,43.63093863570217,1.0085166120176206e+21,-7.727032317773329e+17
6.748046875,1.0219666676485247e+19,128756011982311.88,34.17824367135269,72.65131331422843,20.873852815055354,44.37070695543776,43.54167400739451,1.0127916914462938e+21,-8.1074405816099e+17
6.767578125,1.0237540573053065e+19,134613955038257.12,34.188388469586826,72.64273996692373,20.84359376663052,44.288012479534125,43.45220562242687,1.0169417889667054e+21,-8.507236358433828e+17
6.787109375,1.0255540873863672e+19,140777807485358.53,34.19858443563466,72.63408567646155,20.813214799105072,44.20501213949067,43.36252922103053,1.0209693257321277e+21,-8.927448964271136e+17
6.806640625,1.02736692360224e+19,147264327109724.66,34.20883240848624,72.62534957619724,20.78271482165603,44.12170296346171,43.272640293998336,1.0248767331538741e+21,-9.369164579236709e+17
6.826171875,1.0291927350753999e+19,154091230036715.4,34.21913325516858,72.61653080429052,20.75209272796409,44.03808193399925,43.182534097758484,1.0286663193717515e+21,-9.833529508960847e+17
6.845703125,1.0310316949592087e+19,161277247948585.12,34.229487889146846,72.6076285412348,20.72134739589236,43.95414598705144,43.09220567545331,1.0323404733987413e+21,-1.0321753637591393e+18
6.865234375,1.0328839813131713e+19,168842188948452.3,34.23989729692296,72.5986420648948,20.690477687111365,43.86989201100214,43.001649860191726,1.0359022113498272e+21,-1.0835114091974533e+18
6.884765625,1.0347497776805786e+19,176807002232661.16,34.25036255448756,72.58957078402162,20.659482446721146,43.78531684579939,42.91086128412538,1.0393557612787262e+21,-1.137495912842744e+18
6.904296875,1.036629272734256e+19,185193846760750.12,34.26088481287885,72.5804142060619,20.62836050294105,43.70041728214358,42.81983440325134,1.0427067241540886e+21,-1.194271225449159e+18
6.923828125,1.0385226588521718e+19,194026164320358.62,34.271465248656234,72.57117183029526,20.59711066689426,43.61519006062192,42.72856350123146,1.0459615298712239e+21,-1.253987660988757e+18
6.943359375,1.0404301303065627e+19,203328757218860.3,34.2821050021053,72.56184301479192,20.565731732433594,43.529631870659735,42.637042689263424,1.0491263925860303e+21,-1.316803961702212e+18
6.962890625,1.0423518822870819e+19,213127870794971.06,34.29280514327084,72.55242690243436,20.53422247588839,43.44373934923385,42.545265929553345,1.0522064267134286e+21,-1.3828877904411666e+18
6.982421875,1.0442881116463995e+19,223451281209661.7,34.303566694547925,72.54292246707843,20.50258165563491,43.35750907943928,42.45322704445674,1.0552055694318297e+21,-1.4524162524199693e+18
7.001953125,1.0462390190833162e+19,234328388900384.4,34.31439069993643,72.53332865872841,20.470808011528554,43.27093758908474,42.36091971169503,1.058127387593023e+21,-1.5255764485971523e+18
7.021484375,1.0482048114233797e+19,245790317955149.38,34.32527829676532,72.52364455383862,20.438900264322264,43.184021349458014,42.26833747940281,1.0609762419284155e+21,-1.60256606252125e+18
7.041015625,1.050185702413534e+19,257870021898331.03,34.33623073833222,72.51386940129807,20.40685711522759,43.096756774268044,42.175473777943246,1.0637580148055329e+21,-1.6835939841644303e+18
7.060546875,1.0521819113961193e+19,270602396334870.7,34.34724934738055,72.50400252155197,20.374677245685337,43.00914021861773,42.08232191677778,1.066479823076911e+21,-1.7688809737271488e+18
7.080078125,1.0541936608388944e+19,284024398778735.94,34.358335432783974,72.49404312773841,20.34235931720904,42.921167977790645,41.988875091516825,1.0691488361625782e+21,-1.8586603667469059e+18
7.099609375,1.0562211744793809e+19,298175176234794.2,34.36949022671594,72.48399019044668,20.30990197108814,42.832836285733315,41.89512639178968,1.0717710543022625e+21,-1.953178822664106e+18
7.119140625,1.058264677114753e+19,313096201081032.56,34.3807148755191,72.47384241625714,20.277303827909186,42.74414131330868,41.80106880059303,1.074350875413074e+21,-2.052697118849281e+18
7.138671875,1.060324395953886e+19,328831415742027.75,34.39201048108711,72.46359833305164,20.244563486964275,42.655079166506745,41.706695200558016,1.0768915735004795e+21,-2.1574909922880205e+18
7.158203125,1.0624005626774411e+19,345427386820735.56,34.40337816469645,72.4532564225265,20.211679525649192,42.56564588475842,41.611998376890476,1.0793962279215567e+21,-2.2678520330248998e+18
7.177734375,1.0644934152253624e+19,362933469454818.25,34.414819121239205,72.4428152324996,20.178650498807002,42.47583743938571,41.516971014426105,1.0818686114730799e+21,-2.3840886345427645e+18
7.197265625,1.066603197799583e+19,381401982437268.44,34.42633461564525,72.43227336652083,20.145474938314177,42.385649732159806,41.42160570255779,1.0843135996055965e+21,-2.506527004567554e+18
7.216796875,1.0687301593257634e+19,400888394822852.44,34.43792593045964,72.42162936890699,20.112151353169914,42.29507859385571,41.32589493856306,1.0867369159994037e+21,-2.635512240309206e+18
7.236328125,1.0708745545751857e+19,421451524981385.4,34.44959439749023,72.41088179046929,20.07867822844339,42.20411978258523,41.229831120425416,1.089144606501244e+21,-2.7714094723159875e+18
7.255859375,1.0730366436060078e+19,443153752874298.5,34.461341376338765,72.40002913946044,20.045054024966227,42.11276898198016,41.13340652435978,1.0915421416154614e+21,-2.9146050308314813e+18
7.275390625,1.0752166911628767e+19,466061241884079.5,34.47316823145422,72.38906982997628,20.01127717886592,42.021021799331095,41.03661248322422,1.0939357490787165e+21,-3.065504375736818e+18
7.294921875,1.0774149664472015e+19,490244208928897.8,34.48507632155087,72.37800215581869,19.977346101306406,41.92887376383456,40.939445066287526,1.0963317334640402e+21,-3.2245489201205376e+18
7.314453125,1.0796317453638867e+19,515777107629558.75,34.49706706597612,72.36682442978888,19.943259176952104,41.836320324483815,40.84189001167235,1.0987362283144353e+21,-3.392193378888451e+18
7.333984375,1.0818673078006847e+19,542739005316595.7,34.50914185604632,72.35553478918634,19.90901476487249,41.74335684830288,40.74394336287805,1.1011566460404114e+21,-3.5689180769796357e+18
7.353515625,1.084121940971367e+19,571213799680522.6,34.52130215583097,72.34413140774936,19.874611196851667,41.64997861831416,40.645595954369526,1.1036003055629436e+21,-3.755240193281878e+18
7.373046875,1.0863959403373652e+19,601290562735924.0,34.53354952728493,72.33261254269792,19.84004677714054,41.556180831222214,40.546839415031,1.106073158687886e+21,-3.9517039254661023e+18
7.392578125,1.0886896110826408e+19,633063871088813.9,34.54588566949409,72.32097661713392,19.805319780447885,41.461958594896146,40.44766526847291,1.1085814300470094e+21,-4.158885688822739e+18
7.412109375,1.0910032597726685e+19,666634163629595.5,34.55831215218587,72.30922165144605,19.77042845324405,41.36730692650813,40.348064912734706,1.1111338624603564e+21,-4.3773961738281544e+18
7.431640625,1.0933371903931118e+19,702108123717863.2,34.57083028983502,72.29734499219852,19.735371014688184,41.272220750947575,40.248029607253365,1.113742942060182e+21,-4.607882487349531e+18
7.451171875,1.0956917157511827e+19,739599087738859.5,34.58344149542096,72.2853440571835,19.70014565381365,41.176694898755166,40.14755045887461,1.116421620362302e+21,-4.85103044604886e+18
7.470703125,1.0980671680399194e+19,779227475389227.1,34.59614760354777,72.27321701262301,19.66475052654314,41.080724102850965,40.04661849498428,1.1191777245214896e+21,-5.10756702065929e+18
7.490234375,1.1004638920240415e+19,821119883518803.2,34.608950649445866,72.26096229884632,19.62918375620469,40.98430299507769,39.945260230312165,1.122016620278693e+21,-5.37825549213674e+18
7.509765625,1.1028822307428375e+19,865243450110255.9,34.62185241867033,72.2485776738074,19.593443435952786,40.887426103926884,39.85138551166241,1.1249478423763912e+21,-5.662801618781514e+18
7.529296875,1.1053225266901551e+19,912074929588708.5,34.63485447934264,72.2360602803928,19.557527627050987,40.79008785183617,39.74906196515864,1.1279859246064187e+21,-5.964208326616476e+18
7.548828125,1.107785130634882e+19,961604427599744.4,34.64795845284481,72.22340721429747,19.521434357133167,40.69228255457425,39.64630086536822,1.1311456099935215e+21,-6.282329177521392e+18
7.568359375,1.1102704098408694e+19,1013994330870421.1,34.661166260071774,72.21061603749537,19.485161617036884,40.594004416754856,39.54310991037371,1.1344384453342366e+21,-6.618132873015341e+18
7.587890625,1.1127787388458785e+19,1069418406941621.5,34.67447983121298,72.19768415436637,19.44870736326111,40.49524752867621,39.43947374609325,1.1378768235115368e+21,-6.972652444208549e+18
7.607421875,1.1153104972088748e+19,1128061512327189.0,34.687901029395995,72.18460864786806,19.412069517034684,40.3960058635194,39.33537786524675,1.1414753744142308e+21,-7.346981664977178e+18
7.626953125,1.1178660729845938e+19,1190120337090975.2,34.701431751192835,72.17138648693715,19.37524596247729,40.29627327432068,39.23080850401395,1.1452497750998247e+21,-7.742279416164207e+18
7.646484375,1.120445864411987e+19,1255804205606908.2,34.715073971970504,72.15801461472357,19.33823454561474,40.19604349065576,39.12575253221937,1.1492161928085344e+21,-8.1597742074767e+18
7.666015625,1.1230502789712482e+19,1325335934585831.2,34.728829710144225,72.14448986571135,19.301033073944602,40.095310115264844,39.02019734750159,1.1533918173168722e+21,-8.600768865878401e+18
7.685546875,1.1256797331073174e+19,1398952752671460.5,34.74270101145482,72.13080892601728,19.26363931557069,39.99406662063041,38.914130772641776,1.1577951267971235e+21,-9.066645442808682e+18
7.705078125,1.1283346528347312e+19,1476907285775960.2,34.75668995998413,72.11696834968221,19.22605099811952,39.89230634541707,38.80754097436717,1.1624457757968547e+21,-9.55887038006893e+18
7.724609375,1.1310154740503437e+19,1559468613681914.5,34.770798680095744,72.10296455511615,19.1882658077944,39.790022490768564,38.70041638862208,1.1673645953739394e+21,-1.0078999972970537e+19
7.744140625,1.133722642603706e+19,1646923403447151.0,34.78502933073259,72.08879380520867,19.15028138844738,39.68720811648023,38.59274564954361,1.1725736913158917e+21,-1.0628686163900367e+19
7.763671875,1.1364566144807956e+19,1739577125053687.2,34.79938410288633,72.07445219390821,19.11209534057237,39.583856137038445,38.48451753454894,1.1780965054729742e+21,-1.1209682694226e+19
7.783203125,1.139217856074002e+19,1837755356099378.8,34.81386521943754,72.05993563739018,19.073705220264596,39.47995931751713,38.375720912622604,1.183957879366792e+21,-1.1823851647070755e+19
7.802734375,1.1420068444663843e+19,1941805182440896.0,34.828474935159534,72.04523986515296,19.03510853816308,39.37551026933157,38.266344696324694,1.1901841576209961e+21,-1.2473170410994448e+19
7.822265625,1.144824067736473e+19,2052096701953442.8,34.843215537048536,72.03036041139775,18.99630275836768,39.27050144584934,38.15637780471705,1.1968033114061296e+21,-1.3159739093065058e+19
7.841796875,1.1476700253034453e+19,2169024639910202.5,34.85808934556142,72.01529260788128,18.957285297327566,39.16492513785369,38.04580912698528,1.2038450785563768e+21,-1.3885788415547976e+19
7.861328125,1.1505452283272698e+19,2293010084633300.5,34.873098717163,72.00003157907932,18.918053522692617,39.05877346885732,37.93462748969576,1.2113411319518063e+21,-1.465368812859127e+19
7.880859375,1.1534502001125202e+19,2424502352800348.0,34.88824604660352,71.98457223636035,18.878604752130045,38.952038390262345,37.82282163015396,1.219325252222272e+21,-1.5465955972790899e+19
7.900390625,1.1563854764171942e+19,2563980995031157.5,34.90353376598072,71.96890926498035,18.838936252129244,38.84471167635742,37.710380169909435,1.2278334604220708e+21,-1.6325267230221707e+19
7.919921875,1.1593516056935078e+19,2711957952773330.5,34.918964341438034,71.95303710562189,18.799045236797205,38.736784919132084,37.59729159124756,1.2369041267360627e+21,-1.7234464901053307e+19
7.939453125,1.1623491494449035e+19,2868979878655153.5,34.934540272986396,71.9369499419199,18.75892886660516,38.62824952290082,37.48354421637286,1.2465781389700123e+21,-1.8196570545775264e+19
7.958984375,1.1653786827637369e+19,3035630633681985.0,34.95026409927716,71.92064169779665,18.718584247062616,38.51909669874457,37.3691261870306,1.2568991567265488e+21,-1.9214795836930777e+19
7.978515625,1.1684407948135846e+19,3212533975524200.0,34.96613840025357,71.90410602983336,18.678008427363434,38.409317458774055,37.25402544594162,1.2679138446972066e+21,-2.0292554865700143e+19
7.998046875,1.1715360890306454e+19,3400356453539905.5,34.98216579106481,71.88733630082316,18.637198399059344,38.298902610189046,37.13822971921581,1.2796719892191107e+21,-2.1433477251640513e+19
8.017578125,1.1746651832444955e+19,3599810527499464.5,34.99834891327499,71.87032554700522,18.5961510947314,38.187842749098586,37.021726499312464,1.2922265942885956e+21,-2.2641422104622227e+19
8.037109375,1.1778287101601276e+19,3811657928446078.5,35.01469043636383,71.85306646600522,18.55486338656899,38.07612825410145,36.904503028798516,1.3056341552879237e+21,-2.39204928898982e+19
8.056640625,1.181027318235724e+19,4036713281894243.0,35.031193070324875,71.83555142715922,18.513332084836616,37.96374927966376,36.78654628444596,1.3199551198262204e+21,-2.5275053252790837e+19
8.076171875,1.1842616724053756e+19,4275848015294859.5,35.0478595730448,71.81777247030266,18.47155393632519,37.85069574930777,36.66784296153602,1.3352542843734485e+21,-2.670974386410713e+19
8.095703125,1.1875324541816541e+19,4529994573559062.0,35.06469273896307,71.79972126495642,18.42952562287939,37.73695734856218,36.548379458292494,1.3516009218545075e+21,-2.822950034814623e+19
8.115234375,1.1908403614328717e+19,4800150968537220.0,35.081695377889346,71.7813890482792,18.387243759952757,37.62252351759697,36.428141860371724,1.369068781956693e+21,-2.983957235281206e+19
8.134765625,1.1941861086102454e+19,5087385690781511.0,35.098870306651335,71.7627665887215,18.3447048950546,37.50738344352755,36.307115925334614,1.38773631884147e+21,-3.154554382158006e+19
8.154296875,1.1975704277246235e+19,5392843014649008.0,35.11622036203197,71.74384419282735,18.301905506035553,37.391526052448306,36.18528706698302,1.4076872797712438e+21,-3.335335453349689e+19
8.173828125,1.200994069465566e+19,5717748730659996.0,35.13374841705602,71.72461171799986,18.25884199931629,37.27494000124997,36.062640339437664,1.4290113766279424e+21,-3.5269322985383105e+19
8.193359375,1.2044578036199295e+19,6063416341994735.0,35.15145737621009,71.7050585407368,18.215510708199766,37.157613669187285,35.939160420842605,1.4518046607329764e+21,-3.730017069179841e+19
8.212890625,1.2079624187084554e+19,6431253765263079.0,35.16935014757376,71.68517347615342,18.171907891279254,37.03953514909231,35.81483159672146,1.476169572795544e+21,-3.945304797108878e+19
8.232421875,1.2115087216733493e+19,6822770579483902.0,35.187429616175045,71.66494469890594,18.128029730810415,36.92069223816013,35.689637742997206,1.502215056140661e+21,-4.173556127800962e+19
8.251953125,1.2150975384925397e+19,7239585871608422.0,35.205698643662515,71.64435971711112,18.083872330920673,36.8010724283463,35.56356230860882,1.5300571360017567e+21,-4.415580214447233e+19
8.271484375,1.2187297157055437e+19,7683436731716314.0,35.224160093410504,71.62340539728088,18.039431715669973,36.68066289648005,35.43658829762054,1.559819956062279e+21,-4.672237779971692e+19
8.291015625,1.2224061219359298e+19,8156187456032026.0,35.2428168544704,71.60206798548352,17.99470382710215,36.559450494152664,35.30869825066002,1.591636851157396e+21,-4.944444354866403e+19
8.310546875,1.2261276484837077e+19,8659839521186760.0,35.26167183793575,71.58033307042628,17.949684523410202,36.43742173732137,35.17987422560782,1.6256510333062907e+21,-5.233173698063029e+19
8.330078125,1.2298952089182636e+19,9196542399015804.0,35.28072794416788,71.55818548533607,17.9043695772084,36.31456279549312,35.05009777756625,1.6620158662678217e+21,-5.539461405972709e+19
8.349609375,1.2337097384928164e+19,9768605287976024.0,35.29998802463646,71.53560919734961,17.85875467379296,36.19085948038964,34.919349938149836,1.7008951154736216e+21,-5.864408712493531e+19
8.369140625,1.2375721943282258e+19,1.0378509845094264e+16,35.31945486528765,71.51258723939809,17.812835409279884,36.06629723410842,34.78761119408056,1.7424636180716045e+21,-6.209186481485632e+19
8.388671875,1.2414835566258969e+19,1.1028924011035916e+16,35.33913119840771,71.48910169860572,17.766607288612413,35.940861116882004,34.65486146500532,1.7869084985701085e+21,-6.575039393082244e+19
8.408203125,1.2454448303096207e+19,1.172271703020147e+16,35.359019725578335,71.46513372540528,17.720065723535043,35.814535794525504,34.52108008038153,1.8344306571758595e+21,-6.963290325020516e+19
8.427734375,1.2494570461718282e+19,1.2462975777714556e+16,35.37912312552042,71.4406635097811,17.673206030648352,35.68730552556977,34.386245755302085,1.8852461083794e+21,-7.375344928318033e+19
8.447265625,1.2535212610049444e+19,1.3253022516050834e+16,35.39944403248966,71.41567019543464,17.626023429592124,35.559154147979314,34.25033656524683,1.93958693710693e+21,-7.812696392339469e+19
8.466796875,1.2576385569462168e+19,1.409643421636302e+16,35.41998499209081,71.3901317459253,17.578513041315187,35.430065065327405,34.11332991976781,1.9977019891049038e+21,-8.276930388256986e+19
8.486328125,1.2618100407739259e+19,1.4997063593601976e+16,35.44074841548329,71.36402480542861,17.530669886351944,35.300021232360216,33.975202535159724,2.0598576510303624e+21,-8.769730173493623e+19
8.505859375,1.2660368438454622e+19,1.5959062020458316e+16,35.46173655123293,71.33732459306152,17.482488883054522,35.169005139977024,33.83593040612208,2.1263390547939235e+21,-9.292881833958072e+19
8.525390625,1.2703201228781982e+19,1.698690450289144e+16,35.4829514800944,71.31000484120547,17.433964845796197,35.03699879971732,33.695488776301616,2.1974518131190997e+21,-9.848279635491652e+19
8.544921875,1.2746610612274133e+19,1.8085416919464244e+16,35.5043951227534,71.28203775731926,17.385092483214233,34.903983727846715,33.55385210760912,2.2735241383738608e+21,-1.0437931449526452e+20
8.564453125,1.2790608700575306e+19,1.925980574807379e+16,35.526069243621556,71.25339397479695,17.335866396570474,34.76994092907472,33.41099404814906,2.354909076557141e+21,-1.1063964208824936e+20
8.583984375,1.283520788930581e+19,2.051569052727239e+16,35.54797543762882,71.22404246639354,17.28628107827777,34.63485087987195,33.26688739867221,2.4419866488443995e+21,-1.1728629336171787e+20
8.603515625,1.288042085694404e+19,2.1859139325831856e+16,35.57011509708712,71.19395041430693,17.23633091060012,34.498693511314386,33.12150407748119,2.535165862664927e+21,-1.2434308071927477e+20
8.623046875,1.292626055890231e+19,2.3296707524010456e+16,35.5924893650185,71.1630830498125,17.186010164510876,34.36144819139341,32.97481508378683,2.634886714856287e+21,-1.3183516605924822e+20
8.642578125,1.2972740220369703e+19,2.483548024368386e+16,35.61509908499567,71.13140348261636,17.135312998696946,34.22309370677152,32.82679045947447,2.741622377297301e+21,-1.397891089582053e+20
8.662109375,1.3019873330666985e+19,2.6483118802384028e+16,35.63794475510186,71.09887253505383,17.08423345872173,34.08360824401326,32.67739924926238,2.8558817200224967e+21,-1.4823291027438525e+20
8.681640625,1.3067673639868133e+19,2.8247911608823936e+16,35.66102648806381,71.0654485850131,17.032765476386814,33.94296937035375,32.526609459168114,2.978212236416164e+21,-1.5719604941817794e+20
8.701171875,1.3116155156635234e+19,3.0138829965087396e+16,35.68434397467873,71.03108741154516,16.9809028693492,33.801154014075635,32.374388013187286,3.109203352655265e+21,-1.6670951316831063e+20
8.720703125,1.3165332145401639e+19,3.216558929400554e+16,35.70789644553107,70.99574203290852,16.928639341053874,33.65813844455749,32.220700708094554,3.249490067671184e+21,-1.7680581346450873e+20
8.740234375,1.3215219121230709e+19,3.4338716370278096e+16,35.73168262663216,70.95936252814528,16.875968481036217,33.51389825204633,32.0655121662202,3.3997568818010653e+21,-1.8751899106260858e+20
8.759765625,1.3265830841371589e+19,3.666962320145461e+16,35.75570068659926,70.92189583730621,16.822883765645706,33.368408327205074,31.908785786140786,3.5607420090738263e+21,-1.9888460127860297e+20
8.779296875,1.3317182293201056e+19,3.917068828133794e+16,35.77994817486302,70.8832855392088,16.76937855924353,33.221642840493466,31.75048369114009,3.7332419051036014e+21,-2.1093967725730903e+20
8.798828125,1.3369288678641248e+19,4.185534602473849e+16,35.8044219515175,70.84347160785984,16.715446115935823,33.07357522146288,31.59056667536656,3.9181161679215594e+21,-2.2372266525595448e+20
8.818359375,1.3422165395304294e+19,4.4738185290400744e+16,35.82911810988691,70.80239014958586,16.661079581914642,32.924178138070474,31.428994147575796,4.1162928832328415e+21,-2.3727332530587402e+20
8.837890625,1.3475828014621729e+19,4.783505800991744e+16,35.85403189292085,70.75997312299833,16.606271998489348,32.77342347615067,31.265724072322875,4.3287744921107825e+21,-2.516325892714569e+20
8.857421875,1.3530292257058992e+19,5.116319906639221e+16,35.879157604132764,70.71614804315494,16.55101630590197,32.621282319218025,31.10071290850617,4.556644257938057e+21,-2.6684236672168778e+20
8.876953125,1.3585573964129073e+19,5.474135870992314e+16,35.90448851281525,70.67083766936388,16.495305348033913,32.46772492881369,30.933915545056816,4.801073398471624e+21,-2.82945287115229e+20
8.896484375,1.364168906635227e+19,5.858994895982007e+16,35.930016751850296,70.62395967331933,16.4391318781294,32.31272072564563,30.76528523363263,5.063328931350198e+21,-2.9998436450840255e+20
8.916015625,1.3698653545804958e+19,6.2731205629195304e+16,35.95573320523563,70.5754262819613,16.3824885656805,32.15623827181239,30.594773518070983,5.344782268712972e+21,-3.180025682490756e+20
8.935546875,1.3756483391769928e+19,6.718936781930439e+16,35.98162738227455,70.52514388920676,16.32536800463783,31.99824525444158,30.422330160393855,5.646918602816983e+21,-3.3704227982074977e+20
8.955078125,1.3815194548362852e+19,7.199087697326086e+16,36.00768727649506,70.47301263304183,16.267762723125895,31.838708471128378,30.247903063093755,5.971347154487429e+21,-3.5714461204050706e+20
8.974609375,1.3874802853620505e+19,7.716459785629574e+16,36.03389920910717,70.41892593805085,16.20966519485787,31.677593817631386,30.071438187412614,6.319812398682166e+21,-3.783485620628872e+20
8.994140625,1.3935323969904904e+19,8.274206414849818e+16,36.060247657889214,70.3627700257472,16.15106785246514,31.514866278376854,29.89287946727001,6.694206414528669e+21,-4.006899639488214e+20
9.013671875,1.3996773305209704e+19,8.875775170258285e+16,36.086715071834696,70.30442339414066,16.091963102989023,31.35048992043526,29.71216871841389,7.096582513927199e+21,-4.2420019973926447e+20
9.033203125,1.4059165924077752e+19,9.524938294140046e+16,36.11328166981644,70.24375626411381,16.032343345823527,31.184427891760663,29.529245542287043,7.529170285319678e+21,-4.489046197952265e+20
9.052734375,1.4122516445830543e+19,1.0225826635679731e+17,36.139925219215044,70.18062998592832,15.972200993446851,31.016642424618972,29.34404722398537,7.994392169496708e+21,-4.748206133409611e+20
9.072265625,1.4186838927279768e+19,1.0982967563392806e+17,36.166620789462634,70.11489639761537,15.91152849532601,30.847094845285653,29.156508623570694,8.494881689775522e+21,-5.0195525832449904e+20
9.091796875,1.4252146727330318e+19,1.1801327357667398e+17,36.19334047646745,70.0463971294686,15.850318365423883,30.675745591276005,28.966562059848993,9.033503502714948e+21,-5.303024654765774e+20
9.111328125,1.4318452351634563e+19,1.2686358676647034e+17,36.22005309619288,69.97496285393399,15.788563213784142,30.502554237601707,28.774137185530353,9.61337550654205e+21,-5.598395143223338e+20
9.130859375,1.4385767276059857e+19,1.3644053776776904e+17,36.24672384757378,69.9004124845581,15.726255782727275,30.327479533835035,28.579160852439472,1.02378933143473e+22,-5.905228583108393e+20
9.150390625,1.4454101747572156e+19,1.46810042721433e+17,36.27331394495132,69.82255232840721,15.663388988264598,30.150479454111952,28.38155696509356,1.0910757441949252e+22,-6.222830514925655e+20
9.169921875,1.452346456004312e+19,1.580446833693647e+17,36.299780217945056,69.74117519288538,15.59995596743224,29.971511262618055,28.181246320546055,1.1636003570147895e+22,-6.550186194597106e+20
9.189453125,1.459386280080991e+19,1.7022446396205398e+17,36.32607467312083,69.65605944213092,15.53595013235565,29.79053159757561,27.978146431849616,1.2418036235250189e+22,-6.885886615533481e+20
9.208984375,1.4665301562152122e+19,1.8343766515465584e+17,36.35214400849332,69.56696799322211,15.471365231975446,29.60749657730269,27.77217133183821,1.3261666308886018e+22,-7.228039284116837e+20
9.228515625,1.473778361063201e+19,1.977818089445353e+17,36.37792906989079,69.47364724039262,15.406195422493143,29.422361932563696,27.563231353115302,1.4172152669995285e+22,-7.574160673384488e+20
9.248046875,1.4811309006464176e+19,2.1336475100269872e+17,36.40336423746199,69.37582589631234,15.340435347737069,29.235083170214835,27.3512328791306,1.515524855194811e+22,-7.92104666022871e+20
9.267578125,1.4885874664329468e+19,2.3030591947491622e+17,36.42837673009157,69.27321374129438,15.274080230809439,29.045615774094482,27.136078059960205,1.6217253153042877e+22,-8.264616508932982e+20
9.287109375,1.496147384577203e+19,2.4873772256327715e+17,36.45288581389687,69.16550027163163,15.207125978568921,28.853915450262846,26.917664484817667,1.7365069211417002e+22,-8.599725075986666e+20
9.306640625,1.5038095571100172e+19,2.6880715105283082e+17,36.47680189735241,69.05235323551288,15.139569300727384,28.659938425091397,26.695884801322162,1.8606267355873963e+22,-8.919936852473389e+20
9.326171875,1.5115723935361516e+19,2.906776065525384e+17,36.500025489604205,68.9334170387336,15.071407845605462,28.46364180638988,26.470626269044743,1.9949158155285938e+22,-9.217254202681308e+20
9.345703125,1.5194337308413534e+19,3.145309917377218e+17,36.52244599016062,68.80831099297556,15.002640354894936,28.2649840197969,26.2417702317145,2.1402872913526843e+22,-9.481790670666017e+20
9.365234375,1.5273907393286883e+19,3.405701055135997e+17,36.54394026733922,68.67662736714415,14.933266840114442,28.063925335133447,26.009191488551984,2.297745441026138e+22,-9.701378479758796e+20
9.384765625,1.535439810898449e+19,3.6902139401567795e+17,36.564370967580885,68.53792918363922,14.863288783854491,27.86042850042506,25.772757540307623,2.4683958963016013e+22,-9.861097315987103e+20
9.404296875,1.5435764253605913e+19,4.001381180319787e+17,36.583584478395125,68.39174767786648,14.792709369402548,27.654459504972877,25.532327679489747,2.6534571420150217e+22,-9.942709146023564e+20
9.423828125,1.5517949892986634e+19,4.3420400916199424e+17,36.601408447269094,68.23757931980914,14.721533742348425,27.445988497354513,25.2877518866468,2.854273504180412e+22,-9.923981172943116e+20
9.443359375,1.5600886374499002e+19,4.7153750126531725e+17,36.61764866462173,68.07488213187597,14.64976931049484,27.234990889761672,25.03886948526577,3.0723297746492357e+22,-9.777876113805792e+20
9.462890625,1.5684489913215607e+19,5.1249664115995066e+17,36.63208523431857,67.90307129421308,14.577426085994032,27.02144868688707,24.78550749597968,3.3092679148349424e+22,-9.47158586355049e+20
9.482421875,1.5768658670833947e+19,5.5748480392244915e+17,36.64446785051173,67.72151395760405,14.504517054503447,26.80535208602603,24.527478615049507,3.5669061451410252e+22,-8.965381539731835e+20
9.501953125,1.5853267792654744e+19,6.069573622201505e+17,36.65450706838523,67.52951704319834,14.431058724259513,26.586701405331354,24.264578734716334,3.847257003272672e+22,-8.211250256279289e+20
9.521484375,1.5938168805970815e+19,6.614294986009924e+17,36.66187461268515,67.3263358185409,14.35707112074843,26.365509410096333,23.996583861682684,4.152565305553787e+22,-7.151285863970328e+20
9.541015625,1.602317852119111e+19,7.21485365961367e+17,36.6661462186996,67.11114020020979,14.282564726271719,26.14180411603223,23.723246364019683,4.485310222073204e+22,-5.7158075323977014e+20
9.560546875,1.610806143786179e+19,7.87788887369224e+17,36.66692620989372,66.88295846826419,14.207603661959563,25.915632210898536,23.44429024173794,4.848250279025806e+22,-3.821168893632096e+20
9.580078125,1.6192538341557074e+19,8.610965243341019e+17,36.66365241091522,66.64073495484035,14.132220310283833,25.68706318986512,23.159405359944692,5.244490522581737e+22,-1.3672452852326523e+20
9.599609375,1.6276270923066864e+19,9.42272343164274e+17,36.655581114263846,66.38329080542734,14.05642258203461,25.456194329373492,22.868240415348982,5.67746441493498e+22,1.7653800886997932e+20
9.619140625,1.635881963057152e+19,1.0323059328187484e+18,36.64192065190967,66.10918355993705,13.98028008250467,25.22315680582226,22.570393995876536,6.151009616058219e+22,5.718514735099636e+20
9.638671875,1.6439624916960557e+19,1.1323337113751309e+18,36.62161244996403,65.81667414459552,13.903852890951221,24.988123183399626,22.26540372091714,6.669438747279663e+22,1.0659611762704033e+21
9.658203125,1.6517974073930826e+19,1.2436642364173212e+18,36.59331492170294,65.50364608068124,13.827210657078904,24.751316545567683,21.95273295033782,7.2375704587311975e+22,1.6784935275558003e+21
9.677734375,1.6592938807608115e+19,1.3678083207388193e+18,36.5552814144237,65.16742362933142,13.750434646512257,24.513021726408684,21.631754401966052,7.860807929647113e+22,2.432222033243145e+21
9.697265625,1.666329025351758e+19,1.5065146895449295e+18,36.50519434881992,64.80452400960533,13.673620175044077,24.27359915434782,21.301730328090606,8.545195960688413e+22,3.353205805893394e+21
9.716796875,1.6727435338941309e+19,1.661812180437676e+18,36.4400336129667,64.41052018637683,13.596872195913196,24.033501944616646,20.961788129164855,9.297653958270572e+22,4.4706743262213896e+21
9.736328125,1.678297952559459e+19,1.8360578107223716e+18,36.35522765525561,63.97850452388484,13.52033367902984,23.793297217374352,20.610893369109903,1.0125236372118997e+23,5.816419755006129e+21
9.755859375,1.6827476229908873e+19,2.0319953351194125e+18,36.246110692524205,63.50214109093558,13.44410924789785,23.55369206379514,20.247811391681168,1.1038718321638282e+23,7.423459214989856e+21
9.775390625,1.6855745756819497e+19,2.2528125198312397e+18,36.10259766427167,62.965821927462436,13.368420133057102,23.31559564584855,19.871074657847995,1.2044748532500042e+23,9.322936219436099e+21
9.794921875,1.6862322818646276e+19,2.5022008928767043e+18,35.914155464822265,62.3540096366958,13.293454860644072,23.080042089267785,19.478944389061503,1.3147057773121186e+23,1.1539276336281902e+22
9.814453125,1.6841166051837288e+19,2.784435580374501e+18,35.668895179157275,61.65057576173189,13.219258823970348,22.84833664370661,19.069343789878108,1.4371105177497968e+23,1.4082590580035513e+22
9.833984375,1.6775271876752691e+19,3.104362937414281e+18,35.33345409013087,60.80188563910766,13.146378547891825,22.622317364811156,18.639881491113698,1.5725809542406137e+23,1.6931489438173013e+22
9.853515625,1.6651678774625888e+19,3.4673672741110287e+18,34.88209857877629,59.771512380006236,13.0747738869085,22.404013746794934,18.187826426727565,1.7216818328707513e+23,2.00090176896507e+22
9.873046875,1.6442253733458518e+19,3.8792291087105316e+18,34.25950671649033,58.47176232701446,13.004970335812102,22.19598628441799,17.71038507291183,1.8850865146549512e+23,2.3139027293083844e+22
9.892578125,1.611433547145498e+19,4.3454886042680346e+18,33.40014770893961,56.80320764574681,12.936762138467117,22.00138750402885,17.203129946734567,2.0657810688033776e+23,2.602366485058713e+22
9.912109375,1.5596685247551025e+19,4.870709321645117e+18,32.16464320129241,54.535431822425615,12.871703777517837,21.824085706099684,16.665866021414892,2.2583462736089203e+23,2.813629860577081e+22
9.931640625,1.484364370983832e+19,5.456052005580725e+18,30.456301984614633,51.53266679128007,12.806376178747565,21.66864258580223,16.09592572424376,2.478630203893571e+23,2.8588947932554577e+22
9.951171875,1.3617475311176036e+19,6.093570921579418e+18,27.81565953495056,46.99672281977787,12.749183489028956,21.54073848564098,15.498501283910779,2.6828395160379995e+23,2.6200979830016976e+22
9.970703125,1.1924230859404044e+19,6.760824433076311e+18,24.225728555407628,40.973153313566534,12.680491211284462,21.446608461865523,14.887856567366939,2.9529000388311212e+23,1.969423004638014e+22
9.990234375,8.893885554214742e+18,7.382866761713444e+18,18.061959256768883,30.48932402001333,12.675436615016917,21.396654257346935,14.317635487456798,2.919562363961422e+23,8.530958987498893e+21
