y,Ne,Nd,Pe,Pd+,Te,Td+,Td,NVd+,NVd
0.009765625,7.486634966876511e+18,9383653847355.307,27.17605396484941,73.95425010245779,22.656318650515125,61.6546858749012,60.87528726141337,4.01096994175968e+19,-14818664688534.1
0.029296875,7.4901453197708e+18,9384342382243.701,27.1779015149554,73.93904129846129,22.647240031864403,61.61311717620441,60.8724447497385,4.349273773773672e+19,-45361279138904.58
0.048828125,7.49522241314964e+18,9385687751437.54,27.185388838566467,73.9391659232179,22.638134237480887,61.57148562939914,60.86691551948481,1.189902765309279e+19,-76505542579874.5
0.068359375,7.499679911292055e+18,9387649563729.326,27.190620031489445,73.93305580890687,22.629032661944372,61.52980503492475,60.85887860183048,2.1719222048365707e+19,-107007371107901.36
0.087890625,7.504200860384842e+18,9390192877418.26,27.196048497424968,73.92745396032075,22.619914717667598,61.4880767934814,60.84849769920483,2.9214353839724802e+19,-136814530185100.4
0.107421875,7.508754180590986e+18,9393284812109.115,27.201565521037192,73.92205413641317,22.6107838871521,61.44630182719928,60.83592760144608,3.531322459970671e+19,-165851878585347.34
0.126953125,7.513307208997634e+18,9396894946219.83,27.20705289855847,73.91653407027322,22.601640373805747,61.40447999133296,60.8213104176199,4.183289403453189e+19,-194029973460882.34
0.146484375,7.517872551719171e+18,9400994440037.547,27.212555835696975,73.91101742271088,22.592483846900617,61.362611138176106,60.80478204530109,4.830023101845339e+19,-221291915351471.16
0.166015625,7.522448955694723e+18,9405556854813.3,27.21806976007823,73.90549135439112,22.58331434316063,61.32069512049551,60.78646609003751,5.47561328135301e+19,-247597066933967.72
0.185546875,7.527036037318183e+18,9410556989666.818,27.223593161872135,73.89995159382437,22.574131825173595,61.27873179013428,60.7664816527704,6.122577256032817e+19,-272918912497325.28
0.205078125,7.531634066777383e+18,9415971739046.525,27.22912689240148,73.8944002925006,22.564936251780164,61.23672099817623,60.74493634986622,6.770029445471429e+19,-297243194312559.8
0.224609375,7.536243058959817e+18,9421778991431.635,27.234670885527333,73.88883708973368,22.555727587617547,61.19466259497254,60.72193431428104,7.418106400272785e+19,-320565461811507.9
0.244140625,7.540863058926788e+18,9427958633330.918,27.240225181738335,73.88326191820904,22.5465057956339,61.152556430114075,60.69756922057766,8.066856717493382e+19,-342889259618404.5
0.263671875,7.545494120336664e+18,9434491322860.502,27.24578985190092,73.87767479169985,22.53727083865292,61.11040235243034,60.67193194528516,8.716281480872734e+19,-364224575245780.44
0.283203125,7.550136292611353e+18,9441359348572.271,27.251364950931883,73.87207567919826,22.528022679423014,61.068200209986855,60.64510416703738,9.366400638712396e+19,-384586506323818.06
0.302734375,7.554789626205897e+18,9448545790325.605,27.25695053669504,73.86646455656692,22.5187612804976,61.02594985008066,60.617165027704814,1.0017231745424409e+20,-403994161347296.75
0.322265625,7.559454172024254e+18,9456035226352.887,27.26254666792295,73.86084140077921,22.509486604267117,60.98365111923436,60.58818564787142,1.0668791768946708e+20,-422469768265938.8
0.341796875,7.564129981377262e+18,9463812756714.492,27.26815340405775,73.85520618947811,22.50019861295746,60.941303863191415,60.55823490224065,1.132109754436682e+20,-440037901652928.25
0.361328125,7.568817106196813e+18,9471864760642.234,27.27377080601445,73.8495589030317,22.4908972686274,60.89890792690706,60.52737487680463,1.19741647819356e+20,-456724794555488.06
0.380859375,7.573515599126085e+18,9480178303208.66,27.279398936498335,73.84389952537491,22.481582533168172,60.856463154542496,60.4956652809,1.2628007502904168e+20,-472557882768979.25
0.400390625,7.578225513590922e+18,9488741430049.648,27.28503786025151,73.83822804465771,22.472254368301208,60.81396938945406,60.463160243517024,1.3282637519776068e+20,-487565350059705.8
0.419921875,7.582946903833679e+18,9497542668784.805,27.290687644164066,73.83254445352928,22.462912735576275,60.77142647418596,60.42991165425576,1.3938064043131373e+20,-501775746799587.6
0.439453125,7.587679824907477e+18,9506571557602.871,27.296348357241357,73.82684874903131,22.453557596368604,60.72883425045984,60.395966657397274,1.4594293452806883e+20,-515217719821959.2
0.458984375,7.592424332642983e+18,9515818123778.373,27.302020070473176,73.82114093222764,22.444188911876665,60.68619255916707,60.36137019984478,1.525132921788305e+20,-527919798459726.94
0.478515625,7.597180483600406e+18,9525273067033.072,27.307702856650018,73.81542100769025,22.43480664311989,60.64350124036004,60.32616338019745,1.5909171957597805e+20,-539910179332261.0
0.498046875,7.601948335020152e+18,9534927599340.92,27.313396790175524,73.80968898297442,22.42541075093693,60.60076013324386,60.29038516997849,1.6567819630985767e+20,-551216594428279.56
0.517578125,7.606727944783669e+18,9544773620576.611,27.319101946916668,73.80394486819449,22.416001195984453,60.55796907616792,60.2540713353379,1.722726782456261e+20,-561866185069660.4
0.537109375,7.611519371392777e+18,9554803414195.074,27.324818404121068,73.79818867578152,22.406577938736394,60.515127906618446,60.217255603094245,1.7887510073803083e+20,-571885437554684.0
0.556640625,7.61632267397199e+18,9565009756859.482,27.330546240417387,73.79242042046067,22.397140939483517,60.472236461208055,60.17996910540789,1.854853812019224e+20,-581300105087884.4
0.576171875,7.621137912294843e+18,9575385905055.814,27.336285535902213,73.78664011946395,22.387690158333314,60.42929457566781,60.14224109625454,1.921034199647917e+20,-590135151294128.2
0.595703125,7.625965146832355e+18,9585925572426.004,27.342036372305742,73.7808477929538,22.37822555520973,60.386302084837894,60.10409855919912,1.9872909862111245e+20,-598414745088646.4
0.615234375,7.630804438819395e+18,9596622745519.244,27.347798833220633,73.77504346461964,22.36874708985239,60.34325882265961,60.06556684566902,2.0536227573204006e+20,-606162247041323.1
0.634765625,7.635655850334044e+18,9607471857010.69,27.3535730043766,73.7692271623953,22.359254721815745,60.30016462216605,60.026669431679714,2.1200278048097642e+20,-613400172653686.4
0.654296875,7.640519444384032e+18,9618467725475.512,27.359358973938438,73.76339891924081,22.349748410467267,60.25701931547272,59.987428212964524,2.186504055099568e+20,-620150227605309.5
0.673828125,7.645395284994202e+18,9629605407053.605,27.36515683280637,73.75755877392753,22.340228114985223,60.213822733765305,59.94786354793009,2.2530490041338734e+20,-626433322327112.1
0.693359375,7.650283437287798e+18,9640880258738.477,27.370966674893417,73.75170677176128,22.33069379435643,60.17057470728916,59.90799444515693,2.3196596718780387e+20,-632269555103674.5
0.712890625,7.655183967552698e+18,9652288024985.268,27.376788597347602,73.74584296515278,22.321145407373614,60.12727506533514,59.86783850110753,2.3863325836869363e+20,-637678263103909.5
0.732421875,7.6600969432834e+18,9663824637306.309,27.382622700686962,73.73996741395585,22.31158291263284,60.08392363622903,59.82741215690507,2.4530637784486468e+20,-642678044470285.2
0.751953125,7.665022433191393e+18,9675486240841.54,27.388469088822266,73.73408018549809,22.302006268531922,60.04052024731969,59.78673069153436,2.5198488360561833e+20,-647286759364604.9
0.771484375,7.669960507183029e+18,9687269313615.828,27.39432786896351,73.72818135429901,22.292415433268793,59.99706472496793,59.7458082956547,2.5866829112563892e+20,-651521585805897.0
0.791015625,7.674911236313697e+18,9699170528057.908,27.40019915144253,73.72227100156256,22.282810364840362,59.953556894536135,59.704658184579905,2.6535607588846695e+20,-655399037608858.4
0.810546875,7.679874692737057e+18,9711186688543.408,27.406083049518898,73.7163492146205,22.273191021041843,59.90999658037545,59.66329264380125,2.720476737011282e+20,-658934981462883.4
0.830078125,7.684850949674071e+18,9723314874397.91,27.411979679256792,73.71041608656631,22.26355735946598,59.86638360581184,59.62172308109396,2.7874247799319377e+20,-662144692478777.5
0.849609375,7.689840081423805e+18,9735552362600.05,27.417889159550704,73.70447171629336,22.253909337502098,59.82271779313447,59.57996012318246,2.854398341352071e+20,-665042867154392.1
0.869140625,7.694842163426495e+18,9747896527674.482,27.423811612336856,73.6985162090272,22.24424691233473,59.77899896357959,59.538013617456244,2.9213903168025513e+20,-667643648897669.5
0.888671875,7.699857272373228e+18,9760344935089.643,27.429747162969203,73.69254967730531,22.234570040941676,59.735226937317634,59.49589272537303,2.9883929612050655e+20,-669960679740017.9
0.908203125,7.704885486340598e+18,9772895362656.809,27.435695940683196,73.6865722421918,22.224878680091877,59.69140153344137,59.4536059646847,3.0553978198361716e+20,-672007114220838.4
0.927734375,7.709926884920126e+18,9785545672374.531,27.441658079038486,73.68058403443084,22.215172786342528,59.647522569949665,59.411161228443554,3.122395686800724e+20,-673795646572582.5
0.947265625,7.714981549314769e+18,9798293827323.709,27.447633716243683,73.67458519528167,22.205452316036453,59.60358986373263,59.36856586301149,3.1893765964060256e+20,-675338543084392.2
0.966796875,7.720049562385615e+18,9811138019710.668,27.453622995302734,73.66857587687355,22.195717225299298,59.55960323055651,59.32582665835186,3.256329842345592e+20,-676647654221755.8
0.986328125,7.725131008647544e+18,9824076528134.514,27.459626063979805,73.66255624206674,22.18596747003709,59.51556248504463,59.28294990623731,3.3232440109898505e+20,-677732719586199.8
1.005859375,7.730225974226704e+18,9837107659498.336,27.46564307462903,73.6565264639523,22.17620300593428,59.47146744066052,59.239941619104016,3.390107012062109e+20,-678608224346142.0
1.025390625,7.735334546800338e+18,9850229917840.283,27.471674183962474,73.6504867251848,22.16642378845222,59.42731790969078,59.196807014622166,3.4569060933667265e+20,-679285078595701.5
1.044921875,7.740456815540377e+18,9863441961500.996,27.477719552832244,73.64443721735707,22.15662977282788,59.38311370323115,59.153551225494446,3.523627833854829e+20,-679770442813418.2
1.064453125,7.745592871077858e+18,9876742388051.482,27.483779346087136,73.63837814057241,22.14682091407278,59.33885463117055,59.110178956580796,3.5902581178963244e+20,-680076160478428.1
1.083984375,7.750742805498377e+18,9890129951265.326,27.4898537325395,73.63230970331351,22.136997166971767,59.29454050217562,59.06669450923453,3.656782099727587e+20,-680212168690999.8
1.103515625,7.755906712371787e+18,9903603613014.973,27.495942885053058,73.62623212263468,22.12715848608146,59.25017112367405,59.02310182782047,3.723184168675368e+20,-680188180187110.4
1.123046875,7.761084686812512e+18,9917162267188.494,27.502046980738243,73.62014562463992,22.117304825728247,59.20574630183559,58.97940466804763,3.78944792359032e+20,-680013673593127.5
1.142578125,7.766276825560945e+18,9930804854228.725,27.50816620122118,73.6140504451588,22.10743614000597,59.16126584155364,58.93560648551032,3.8555561611113405e+20,-679697879974354.5
1.162109375,7.771483227070295e+18,9944530554458.404,27.514300732930838,73.60794683046727,22.09755238277334,59.116729546424814,58.89171039237713,3.9214908791236493e+20,-679249854256498.9
1.181640625,7.776703991579586e+18,9958338556679.52,27.520450767335483,73.60183503787947,22.08765350765084,59.07213721873327,58.84771929357031,3.98723329526233e+20,-678678493217947.6
1.201171875,7.781939221153697e+18,9972227984067.645,27.5266165010623,73.59571533602207,22.07773946801794,59.02748865943346,58.80363595300945,4.05276387968832e+20,-677992500044727.1
1.220703125,7.787189019677261e+18,9986198149030.674,27.532798135853337,73.58958800467144,22.067810217010393,58.982783668133564,58.75946287202372,4.118062400330824e+20,-677200401987449.8
1.240234375,7.792453492800359e+18,10000248491427.67,27.538995878351546,73.58345333413743,22.057865707517845,58.93802204308054,58.71520225830265,4.183107976623755e+20,-676310614025149.1
1.259765625,7.797732747846353e+18,10014378342124.006,27.545209939753644,73.5773116242865,22.047905892181618,58.893203581140995,58.670856266672175,4.247879134517138e+20,-675331422046861.9
1.279296875,7.80302689370178e+18,10028587115038.371,27.551440535401078,73.57116318340158,22.037930723392947,58.84832807778384,58.62642691090618,4.31235385366309e+20,-674270946797581.2
1.298828125,7.808336040709584e+18,10042874414454.664,27.55768788438401,73.56500832707536,22.027940153291553,58.80339532706116,58.581915903055126,4.376509599367179e+20,-673137203660353.1
1.318359375,7.813660300579227e+18,10057239785975.895,27.563952209205663,73.55884737726713,22.01793413376399,58.75840512158935,58.5373248656561,4.4403233377691225e+20,-671938120049296.6
1.337890625,7.818999786313618e+18,10071682765593.816,27.57023373550703,73.55268066152627,22.007912616442336,58.71335725253436,58.492655365628224,4.503771541570565e+20,-670681499514135.8
1.357421875,7.824354612138698e+18,10086203054719.443,27.57653269180106,73.54650851224501,21.99787555270241,58.66825150959806,58.44790877688069,4.566830201530275e+20,-669375035654388.6
1.376953125,7.829724893414995e+18,10100800373164.89,27.582849309143466,73.54033126574363,21.987822893661647,58.62308768100391,58.403086307750485,4.629474861382898e+20,-668026332211638.8
1.396484375,7.835110746515219e+18,10115474406400.61,27.589183820684728,73.53414926104035,21.97775459017697,58.5778655534826,58.35818910692541,4.6916806886303164e+20,-666642912522033.4
1.416015625,7.840512288667283e+18,10130224940220.484,27.595536461100735,73.52796283830173,21.96767059284206,58.53258491225751,58.31321827629402,4.7534225816887584e+20,-665232198033509.9
1.435546875,7.845929637780638e+18,10145051808343.172,27.601907465967038,73.52177233714333,21.95757085198528,58.4872455410303,58.26817473795698,4.8146752997812765e+20,-663801494529204.9
1.455078125,7.851362912286295e+18,10159954844323.494,27.60829707118244,73.51557809506447,21.94745531766731,58.44184722196535,58.223059278710345,4.8754135923049103e+20,-662358036879982.0
1.474609375,7.856812231019415e+18,10174933932274.863,27.61470551254459,73.50938044629017,21.937323939679473,58.3963897356762,58.177872746016746,4.935612304728486e+20,-660908971880047.4
1.494140625,7.862277713154967e+18,10189988997689.12,27.621133025513558,73.50317972111664,21.92717666754247,58.35087286121383,58.13261585561319,4.995246449701333e+20,-659461317990571.8
1.513671875,7.867759478177574e+18,10205119971600.889,27.62757984509619,73.49697624558232,21.917013450505134,58.30529637605782,58.08728913696382,5.054291251003422e+20,-658021990038339.4
1.533203125,7.87325764583847e+18,10220326856502.76,27.634046205685213,73.49077034102156,21.906834237543112,58.25966005610919,58.04189316669086,5.1127221865787444e+20,-656597814856818.1
1.552734375,7.878772336038404e+18,10235609692583.168,27.64053234063848,73.48456232292727,21.896638977357085,58.21396367568142,57.99642848273039,5.1705150665683363e+20,-655195507845207.9
1.572265625,7.884303668584131e+18,10250968433181.205,27.647038481415887,73.47835249864616,21.886427618370956,58.168207007496186,57.95089550597402,5.2276461779641605e+20,-653821612065211.5
1.591796875,7.889851762797426e+18,10266403206410.75,27.653564856201402,73.47214116370661,21.87620010872971,58.12238982267541,57.905294512317,5.284092509362544e+20,-652482550295703.0
1.611328125,7.89541673699963e+18,10281914199053.455,27.660111688092876,73.46592859700812,21.86595639629731,58.07651189073557,57.859625846478124,5.339832043891633e+20,-651184664935096.0
1.630859375,7.90099870793473e+18,10297501370990.0,27.66667919308276,73.45971505546666,21.855696428655506,58.030572979585514,57.81388992569052,5.394844085726545e+20,-649934052130484.6
1.650390625,7.906597790214637e+18,10313164907838.781,27.673267578122736,73.45350076889396,21.845420153102925,57.98457285552625,57.768086816299444,5.449109574703553e+20,-648736603001584.6
1.669921875,7.912214095862153e+18,10328905166621.482,27.67987703953739,73.44728593581918,21.835127516655692,57.938511283259224,57.72221659353451,5.5026113494959135e+20,-647598138527712.4
1.689453125,7.917847733991789e+18,10344722203365.605,27.686507761924528,73.44107072061013,21.824818466047997,57.892388025894995,57.676279624175685,5.555334340481188e+20,-646524224022505.0
1.708984375,7.923498810618422e+18,10360616139850.873,27.693159917506552,73.43485525179977,21.814492947733484,57.84620284496664,57.630276007598034,5.6072657010903974e+20,-645520095340065.9
1.728515625,7.929167428537028e+18,10376587455404.236,27.699833665730715,73.42863962108112,21.804150907885532,57.799955500444256,57.584205541329695,5.6583949108560305e+20,-644590844564299.2
1.748046875,7.934853687189977e+18,10392636459744.277,27.706529152827354,73.42242388219273,21.7937922923976,57.7536457507493,57.538068319882974,5.708713894841169e+20,-643741396752092.1
1.767578125,7.940557682442814e+18,10408763177994.133,27.7132465110481,73.41620804896417,21.78341704688202,57.70727335276888,57.49186464218349,5.758217198222827e+20,-642976262338246.1
1.787109375,7.946279506223384e+18,10424968046775.545,27.719985857429737,73.40999209210875,21.77302511666873,57.66083806186938,57.445594251468826,5.806902233502206e+20,-642299609661473.2
1.806640625,7.952019246031085e+18,10441251718210.307,27.726747292108644,73.40377593484251,21.762616446803808,57.614339631916735,57.399256773967046,5.854769588731482e+20,-641715527720349.4
1.826171875,7.957776984373782e+18,10457614266350.809,27.73353089638917,73.39755944785853,21.75219098204881,57.56777781529681,57.35285255104343,5.901823358735915e+20,-641227734637121.0
1.845703125,7.96355279822151e+18,10474055954513.709,27.740336730877466,73.39134244448961,21.741748666880994,57.52115236294173,57.30638156207034,5.948071447366485e+20,-640839392893785.0
1.865234375,7.969346758567018e+18,10490577607607.453,27.747164833994983,73.38512467688533,21.73128944549513,57.47446302436036,57.2598431516934,5.993525793020641e+20,-640553500910291.6
1.884765625,7.975158930152623e+18,10507179603575.355,27.754015221076397,73.37890583374593,21.7208132618061,57.427709547673565,57.213237268632334,6.038202490193264e+20,-640372837736609.0
1.904296875,7.980989371374199e+18,10523862123610.129,27.760887884087616,73.37268553969615,21.71032005945228,57.380891679647775,57.166564134699414,6.08212180873767e+20,-640299616280698.9
1.923828125,7.986838134325491e+18,10540625804714.408,27.767782791832474,73.36646335595825,21.69980978179853,57.334009165732645,57.11982335421847,6.12530813914061e+20,-640335608919359.2
1.943359375,7.992705264917436e+18,10557471441588.613,27.77469989041914,73.36023878171206,21.689282371938702,57.28706175009805,57.07301423366506,6.167789905709139e+20,-640482451018603.8
1.962890625,7.998590803009698e+18,10574399408712.723,27.781639103766107,73.35401125555147,21.678737772696618,57.240049175662456,57.026136863264966,6.209599484774318e+20,-640741467389100.6
1.982421875,8.00449478252137e+18,10591410004753.73,27.78860033403347,73.34778015674836,21.668175926626045,57.19297118412371,56.9791914145081,6.250773145346574e+20,-641113319027594.2
2.001953125,8.010417231529671e+18,10608504178238.06,27.79558346201119,73.34154480639796,21.6575967760103,57.14582751598626,56.932176951523275,6.291351003490268e+20,-641598382626910.1
2.021484375,8.01635817240079e+18,10625682727922.494,27.802588347617508,73.3353044688528,21.64700026286149,57.098617910586796,56.88509298827472,6.331376960199032e+20,-642197017587491.6
2.041015625,8.022317622009611e+18,10642945914243.371,27.809614830705172,73.3290583539695,21.636386328920274,57.05134210612402,56.8379398748171,6.370898585261796e+20,-642909048955875.9
2.060546875,8.028295592090758e+18,10660294388702.979,27.81666273232143,73.32280562054414,21.625754915656326,57.00399983968708,56.79071725581771,6.409966918230644e+20,-643733747148936.9
2.080078125,8.034292089731208e+18,10677729308584.14,27.82373185645593,73.31654538102651,21.61510596426955,56.95659084728553,56.74342403947378,6.448636177195549e+20,-644671319024304.6
2.099609375,8.040307117980843e+18,10695251374262.627,27.83082199219224,73.31027670728311,21.604439415691473,56.90911486387542,56.6960599391651,6.48696338716065e+20,-645719331125690.5
2.119140625,8.046340676538126e+18,10712860862083.81,27.83793291611351,73.30399863701153,21.59375521058689,56.861571623380726,56.64862558643664,6.525007952902613e+20,-646876376035202.1
2.138671875,8.052392762470986e+18,10730558844332.35,27.84506439482145,73.29771018043547,21.583053289354325,56.81396085870768,56.601119795348744,6.562831201824961e+20,-648142466155007.2
2.158203125,8.058463370953672e+18,10748346673703.162,27.852216187502535,73.29141032710004,21.5723335921259,56.766282301749385,56.553541392066045,6.600495912396515e+20,-649515400284770.1
2.177734375,8.064552496025114e+18,10766224735003.873,27.859388048559502,73.2850980528194,21.561596058766156,56.71853568338298,56.50589113126884,6.638065830728563e+20,-650993651203602.1
2.197265625,8.070660131388132e+18,10784193583508.76,27.866579730375282,73.27877232695663,21.55084062887013,56.67072073346362,56.45816861823045,6.675605170247531e+20,-652575108938250.0
2.216796875,8.076786271261814e+18,10802254884617.889,27.873790986250818,73.27243212014022,21.540067241760447,56.62283718081151,56.41037216975104,6.713178091921938e+20,-654258021168660.6
2.236328125,8.082930911275347e+18,10820409809378.064,27.88102157347678,73.26607641231764,21.52927583648421,56.57488475319937,56.362501653031316,6.750848174040145e+20,-656041047066001.2
2.255859375,8.089094049362336e+18,10838658414137.297,27.888271256396713,73.25970420076268,21.518466351809188,56.526863177333,56.31455743829027,6.78867789403265e+20,-657922301491607.9
2.275390625,8.095275686598509e+18,10857002155406.748,27.895539809266143,73.2533145075247,21.507638726220346,56.47877217882854,56.26653835596076,6.826728150973148e+20,-659899929212843.4
2.294921875,8.101475827934868e+18,10875442941848.275,27.902827018741412,73.24690638588626,21.49679289791539,56.43061148218441,56.218443087170556,6.865057850094787e+20,-661972737589072.0
2.314453125,8.107694482812567e+18,10893981243942.102,27.910132685954686,73.24047892570825,21.485928804801176,56.38238081074612,56.17027156551691,6.903723550485475e+20,-664139773210135.9
2.333984375,8.113931665690574e+18,10912617796800.496,27.917456628281688,73.2340312579482,21.475046384489712,56.33407988666313,56.12202418518657,6.942779152866126e+20,-666399689190463.0
2.353515625,8.120187396548861e+18,10931354508748.31,27.924798681020018,73.22756255892588,21.464145574294523,56.28570843084085,56.073699007439394,6.982275589502467e+20,-668751381863116.8
2.373046875,8.126461701426814e+18,10950193564038.908,27.93215869918293,73.221072054876,21.45322631122702,56.2372661628884,56.025294142173244,7.022260483908672e+20,-671195184314884.2
2.392578125,8.132754613013084e+18,10969134344837.064,27.939536559463672,73.21455902693206,21.44228853199265,56.188752801062044,55.976811946251026,7.06277777629532e+20,-673730733415358.4
2.412109375,8.139066171234308e+18,10988179130491.348,27.946932162188066,73.20802281606804,21.431332172986043,56.140168062206335,55.928249839750286,7.103867352278613e+20,-676357521116279.0
2.431640625,8.145396423728475e+18,11007330555384.58,27.954345432863487,73.20146282697735,21.42035717028527,56.091511661697716,55.879605797707065,7.145564747977509e+20,-679076685442027.2
2.451171875,8.151745426067987e+18,11026588662952.2,27.96177632286191,73.1948785296735,21.40936345964457,56.04278331338268,55.83088078119953,7.187901013090338e+20,-681889224654049.9
2.470703125,8.158113241645201e+18,11045955190472.758,27.969224808941952,73.18826945804838,21.398350976486288,55.99398272951441,55.78207371803281,7.230902786550468e+20,-684795901964229.2
2.490234375,8.164499941233235e+18,11065428700469.82,27.976690891658265,73.18163520552417,21.38731965589227,55.94510962068998,55.733192438648004,7.274592578998973e+20,-687801726017798.0
2.509765625,8.170905602293014e+18,11084274439064.367,27.984174592908822,73.17497541844737,21.37626943259737,55.89616369578454,55.68797198651371,7.31898916637329e+20,-690854992733807.0
2.529296875,8.177330308407731e+18,11103967291116.979,27.99167595392397,73.16828979065033,21.365200240981917,55.84714466188276,55.63893986309352,7.364108046830839e+20,-694049460172341.1
2.548828125,8.183774148687763e+18,11123773815978.984,27.99919503316793,73.16157805779697,21.35411201507021,55.79805222422829,55.589834357281234,7.409961757591069e+20,-697353367062159.6
2.568359375,8.190237217700994e+18,11143692756834.5,28.006731906040397,73.15483999644553,21.34300468852703,55.748886086171204,55.54066325366842,7.456559981979123e+20,-700769617996581.8
2.587890625,8.196719615532979e+18,11163726255666.814,28.014286665025768,73.1480754242787,21.33187819465678,55.699645949120665,55.49142529160388,7.503909550467257e+20,-704305838651769.0
2.607421875,8.203221447990916e+18,11183874571949.244,28.02185942033047,73.14128420161703,21.320732466400937,55.65033151250179,55.44212160543863,7.552014357042498e+20,-707969182770972.6
2.626953125,8.209742826661965e+18,11204141085966.285,28.029450300018237,73.1344662316206,21.309567436333797,55.60094247371005,55.39274986285745,7.600875346595594e+20,-711767092271501.8
2.646484375,8.216283868633635e+18,11224528496806.027,28.037059448987783,73.12762145747003,21.298383036655537,55.55147852805899,55.34330770239267,7.650490685254732e+20,-715708744604414.5
2.666015625,8.222844695813938e+18,11245037025342.568,28.04468702658628,73.12074985599598,21.28717919918392,55.50193936872506,55.29379730410534,7.700856151275289e+20,-719802853381038.6
2.685546875,8.229425433950615e+18,11265669713355.035,28.052333203202867,73.11385142866828,21.275955855345124,55.452324686693885,55.24421657530299,7.751965693132323e+20,-724058070799154.8
2.705078125,8.236026211575302e+18,11286429446614.316,28.05999815661937,73.10692619197263,21.264712936166546,55.402634170713,55.194563729313806,7.803812030762663e+20,-728484660147255.0
2.724609375,8.24264715912869e+18,11307317944860.8,28.067682068991303,73.09997416945873,21.253450372271814,55.35286750725768,55.14483903288042,7.856387159163377e+20,-733093166276729.5
2.744140625,8.249288408447068e+18,11328336877142.041,28.07538512507219,73.09299538704546,21.242168093878835,55.30302438050706,55.09504231036141,7.909682655970713e+20,-737894028457414.6
2.763671875,8.255950092647093e+18,11349489712076.086,28.08310751180099,73.08598987188776,21.230866030800218,55.25310447233,55.04517203826914,7.963689774233791e+20,-742898515790985.1
2.783203125,8.262632346300805e+18,11370779015468.773,28.09084941887789,73.07895765380995,21.219544112444073,55.203107462266516,54.99522712017595,8.018399381007161e+20,-748118918444042.0
2.802734375,8.269335305707625e+18,11392206419386.75,28.09861103966686,73.07189876757938,21.20820226781415,55.15303302750356,54.94520796718573,8.073801847365012e+20,-753567662529239.4
2.822265625,8.276059109073513e+18,11413775026593.82,28.106392571776244,73.06481325433724,21.196840425507375,55.10288084284375,54.89511402438838,8.129886990869416e+20,-759257399794963.0
2.841796875,8.282803896484166e+18,11435488195747.291,28.11419421693543,73.05770116119365,21.185458513709275,55.05265058066671,54.844943399729,8.186644126487841e+20,-765201970116667.0
2.861328125,8.289569809665474e+18,11457348126997.758,28.122016180147043,73.05056253894986,21.17405646018722,55.00234191089152,54.79469624808101,8.244062222873901e+20,-771415806281094.1
2.880859375,8.296356991610284e+18,11479357536258.248,28.12985866838785,73.04339743866345,21.162634192283434,54.95195450094636,54.744372727677295,8.302130115808242e+20,-777913381719430.0
2.900390625,8.30316558618654e+18,11501520111063.682,28.137721889251438,73.03620590808296,21.151191636908607,54.901488015749855,54.69397113475166,8.360836715490526e+20,-784710069916021.6
2.919921875,8.309995737826929e+18,11523838881255.824,28.145606049872992,73.02898798882296,21.139728720537004,54.85094211769695,54.64349095455891,8.420171158118961e+20,-791822210349082.8
2.939453125,8.316847591355375e+18,11546316620812.709,28.153511356323317,73.0217437147533,21.12824536920358,54.80031646664328,54.59293242303145,8.480122880912038e+20,-799266399033109.1
2.958984375,8.323721291957387e+18,11568956910623.793,28.16143801349345,73.01447311165354,21.116741508502624,54.749610719886064,54.54229471338484,8.540681627234014e+20,-807059747557984.8
2.978515625,8.330616985266805e+18,11591763613710.438,28.16938622537381,73.00717619787876,21.105217063587002,54.698824532137735,54.49157662706931,8.601837404225206e+20,-815220470968618.9
2.998046875,8.337534817524286e+18,11614739888080.416,28.177356195574834,72.9998529856448,21.093671959167352,54.64795755549672,54.44077821982977,8.66358041830663e+20,-823767417791601.4
3.017578125,8.344474935758486e+18,11637889333654.98,28.185348127921365,72.99250348250605,21.082106119510613,54.59700943941995,54.38989923702407,8.72590100956435e+20,-832719806410301.4
3.037109375,8.351437487943462e+18,11661216191226.51,28.19336222696284,72.98512769261815,21.07051946843707,54.54597983069693,54.33893850002881,8.788789599979327e+20,-842097849013582.8
3.056640625,8.358422623094551e+18,11684724415126.215,28.2013986982726,72.97772561746295,21.05891192931646,54.494868373429824,54.28789555031428,8.852236665633842e+20,-851922727364224.2
3.076171875,8.36543049128089e+18,11708417749179.713,28.209457748463134,72.97029725584008,21.04728342506267,54.44367470901268,54.23677036943365,8.916232738252516e+20,-862216140464543.5
3.095703125,8.372461243557315e+18,11732300638265.932,28.217539584928772,72.96284260314695,21.035633878128095,54.39239847610502,54.1855621883501,8.98076843479607e+20,-873000572351764.4
3.115234375,8.379515031845876e+18,11756377858388.15,28.22564441541964,72.95536165022503,21.023963210498213,54.34103931060705,54.134270074117865,9.045834505257231e+20,-884299691563739.9
3.134765625,8.386592008818422e+18,11780653531814.086,28.23377244762093,72.94785438221243,21.012271343686596,54.28959684562888,54.082893997908634,9.111421880386408e+20,-896137946396654.9
3.154296875,8.393692327836015e+18,11805132390056.633,28.24192388892637,72.94032077790234,21.00055819873124,54.23807071146479,54.031433498507674,9.177521697508194e+20,-908540503543134.2
3.173828125,8.400816142982486e+18,11829819778630.246,28.250098946530017,72.9327608099165,20.988823696191815,54.186460535564144,53.979887594811615,9.244125287800883e+20,-921533756978440.6
3.193359375,8.407963609191168e+18,11854720536297.0,28.258297827832042,72.92517444568746,20.977067756147854,54.134765942504494,53.92825594621215,9.311224122905408e+20,-935145164442985.4
3.212890625,8.415134882420239e+18,11879839720697.084,28.266520741005557,72.91756164885547,20.96529029819645,54.082986553964936,53.8765383212952,9.378809738108307e+20,-949403006486123.9
3.232421875,8.422330119802428e+18,11905183213487.326,28.27476789547492,72.90992238043356,20.953491241449747,54.03112198869924,53.82473384511138,9.446873664183205e+20,-964336773562837.0
3.251953125,8.429549479698279e+18,11930756606887.969,28.283039502067133,72.90225659912966,20.941670504531253,53.9791718625084,53.77284193327232,9.515407400531239e+20,-979977254546161.9
3.271484375,8.436793121623892e+18,11956565504840.35,28.29133577274008,72.89456426057859,20.92982800557113,53.927135788211665,53.720862365168124,9.584402444415958e+20,-996356253744086.4
3.291015625,8.444061206088433e+18,11982616331222.686,28.299656920008342,72.88684531579779,20.91796366220093,53.875013375617385,53.66879442025046,9.653850361276727e+20,-1013506841460442.6
3.310546875,8.451353894430125e+18,12008915397258.133,28.308003156365572,72.87909970963014,20.90607739154834,53.822804231488576,53.616637438487324,9.723742855567307e+20,-1031463522390808.4
3.330078125,8.458671348746932e+18,12035469086983.438,28.316374694026123,72.87132738000966,20.894169110232305,53.77050795950826,53.56439102502672,9.794071798364129e+20,-1050262069274932.6
3.349609375,8.466013731966283e+18,12062284391797.242,28.324771745133233,72.86352825842644,20.882238734358694,53.71812416024472,53.512054646933734,9.864829194143346e+20,-1069939640156313.1
3.369140625,8.473381208011188e+18,12089368404036.064,28.333194522289702,72.85570227122491,20.870286179516782,53.665652431123256,53.45962757843936,9.936007111934079e+20,-1090534952846291.2
3.388671875,8.480773941952044e+18,12116728368015.254,28.34164323903851,72.84784934077203,20.858311360775648,53.61309236639947,53.407109326913535,1.0007597637460749e+21,-1112088248445575.4
3.408203125,8.488192100035607e+18,12144372009696.104,28.350118109931447,72.83996938557155,20.84631419268059,53.560443557138825,53.35449938811615,1.0079592896772237e+21,-1134641330735852.5
3.427734375,8.49563584956519e+18,12172307224736.475,28.35861935009992,72.83206231908554,20.83429458924916,53.50770559118519,53.30179706935452,1.0151985154195596e+21,-1158237722393047.5
3.447265625,8.503105358721719e+18,12200542234034.287,28.3671471746295,72.82412804804633,20.822252463966965,53.4548780531234,53.24900177759624,1.0224766926035544e+21,-1182922712331611.2
3.466796875,8.510600796480749e+18,12229085631673.969,28.375701798256134,72.81616647158441,20.81018772978337,53.40196052423187,53.19611298955087,1.0297931020852582e+21,-1208743388028204.2
3.486328125,8.518122332737343e+18,12257946200213.758,28.38428343575596,72.80817748214209,20.798100299107304,53.348952582439736,53.14313006890294,1.0371470447440938e+21,-1235748735706124.5
3.505859375,8.525670138612068e+18,12287133256464.941,28.39289230293689,72.80016096794394,20.785990083803227,53.29585380229665,53.090052302533095,1.0445378212942755e+21,-1263989790034585.8
3.525390625,8.53324438676587e+18,12316656380639.371,28.40152861765577,72.79211681554094,20.773856995186904,53.24266375495315,53.036879180747135,1.0519647114913521e+21,-1293519650746984.5
3.544921875,8.540845251508774e+18,12346525387088.482,28.410192600145102,72.7840449105837,20.76170094402061,53.189382008143376,52.983610054393935,1.0594269653385767e+21,-1324393549156042.8
3.564453125,8.548472908593599e+18,12376750772393.75,28.418884472289633,72.7759451358828,20.749521840507295,53.136008126149584,52.93024417385058,1.0669238127723288e+21,-1356669056759608.5
3.583984375,8.556127534783387e+18,12407343294090.541,28.42760445615277,72.76781736752791,20.73731959428428,53.08254166974756,52.87678094208389,1.0744544872017592e+21,-1390406130884323.5
3.603515625,8.563809307438794e+18,12438313898297.896,28.43635277257469,72.75966147118285,20.725094114417367,53.02898219614128,52.8232197774768,1.0820182494515551e+21,-1425667117375458.2
3.623046875,8.57151840437607e+18,12469674429957.055,28.44512964067432,72.75147730071551,20.71284530939591,52.97532925891074,52.76955983876989,1.0896143981921345e+21,-1462517015059053.5
3.642578125,8.579255004088898e+18,12501436953281.16,28.453935278562675,72.74326469995195,20.70057308713002,52.92158240798368,52.715800469607835,1.0972422612826633e+21,-1501023578034026.0
3.662109375,8.587019286212535e+18,12533613758142.494,28.46276990485708,72.73502350649963,20.68827735494819,52.867741189628234,52.66194110388952,1.1049011739367507e+21,-1541257269009936.5
3.681640625,8.594811431979564e+18,12566218147127.574,28.4716337401617,72.72675355547223,20.67595801959475,52.813805146443826,52.60798086815625,1.1125904566169516e+21,-1583291561433217.8
3.701171875,8.602631624450881e+18,12599263680889.021,28.48052700779572,72.71845468125093,20.663614987225337,52.75977381732365,52.55391901614864,1.1203094039510064e+21,-1627203087054383.8
3.720703125,8.610480048464073e+18,12632764223530.195,28.489449933580023,72.710126716803,20.651248163399917,52.70564673738583,52.49975494580872,1.1280572878624141e+21,-1673071616170945.0
3.740234375,8.618356890404398e+18,12666734664035.877,28.498402745036223,72.70176949149165,20.63885745307477,52.65142343789503,52.445487828506685,1.1358333697330799e+21,-1720980301218689.2
3.759765625,8.626262337966372e+18,12701190276153.072,28.50738567055672,72.69338282884343,20.62644276059416,52.59710344620292,52.39111677767748,1.1436369131258452e+21,-1771015904661347.2
3.779296875,8.634196580017501e+18,12736146727924.643,28.516398938917327,72.68496654523322,20.61400398968389,52.54268628572233,52.33664115510281,1.1514671912242487e+21,-1823268828296745.5
3.798828125,8.642159806568543e+18,12771620717501.879,28.525442779145173,72.67652044948498,20.601541043446538,52.48817147591142,52.282060143404195,1.1593234882364574e+21,-1877833299445861.2
3.818359375,8.65015220878498e+18,12807629388180.893,28.534517420524644,72.66804434281856,20.58905382435801,52.43355853225734,52.227372802405114,1.1672050973723916e+21,-1934807631073426.0
3.837890625,8.658173978982175e+18,12844190541343.988,28.543623092549428,72.6595380186065,20.576542234264316,52.37884696622266,52.172578350320066,1.1751113178439122e+21,-1994294372789011.5
3.857421875,8.666225310605176e+18,12881322890460.309,28.552760024822522,72.65100126198229,20.564006174377372,52.32403628517837,52.11767601030829,1.1830414511929777e+21,-2056400440973923.0
3.876953125,8.674306398242645e+18,12919045683915.324,28.56192844706824,72.6424338497313,20.551445545270525,52.26912599233472,52.0626648143168,1.1909947958142697e+21,-2121237353875974.5
3.896484375,8.68241743772285e+18,12957379160691.588,28.57112858941267,72.63383555089568,20.5388602468732,52.214115586693445,52.00754381400442,1.1989706390848335e+21,-2188921562767139.5
3.916015625,8.690558626293772e+18,12996344331637.744,28.580360682939066,72.62520612809888,20.52625017846531,52.15900456301651,51.952312222321865,1.2069682483746203e+21,-2259574531410518.0
3.935546875,8.698730162834813e+18,13035962826655.988,28.589624960343333,72.61654533912504,20.513615238670717,52.10379241179616,51.89696909726534,1.2149868636497752e+21,-2333322922978891.5
3.955078125,8.706932248022054e+18,13076257630228.473,28.598921656433173,72.60785293807078,20.500955325450004,52.048478619204914,51.841513314843866,1.223025694323655e+21,-2410299105342701.0
3.974609375,8.715165084385443e+18,13117252386440.47,28.608251008268983,72.59912867556636,20.48827033609236,51.99306266703143,51.7859440235747,1.2310839216460191e+21,-2490641223619603.5
3.994140625,8.723428876242346e+18,13158971452562.63,28.61761325489803,72.59037229795489,20.47556016720741,51.93754403260991,51.73026032064387,1.2391607060785395e+21,-2574493328422512.0
4.013671875,8.731723829541403e+18,13201440875586.16,28.627008636796482,72.58158354574175,20.462824714717996,51.8819221887598,51.67446094497201,1.2472551975581542e+21,-2662006020893128.0
4.033203125,8.740050151678956e+18,13244687303651.203,28.63643739522474,72.57276215184194,20.450063873854088,51.826196603738794,51.618544921496245,1.2553665457474555e+21,-2753336554802190.0
4.052734375,8.748408051346051e+18,13288738273017.904,28.645899771686896,72.56390784009186,20.43727753914812,51.77036674119766,51.562511359748505,1.2634939074611404e+21,-2848648960730832.0
4.072265625,8.756797738435789e+18,13333623202142.484,28.655396007590788,72.55502032426915,20.424465604431422,51.71443206013597,51.50635892770278,1.2716364494356401e+21,-2948114740799579.0
4.091796875,8.765219424011106e+18,13379372181123.62,28.66492634410629,72.5460993076035,20.411627962830345,51.658392014848616,51.450086483816726,1.2797933459870738e+21,-3051913053814335.0
4.111328125,8.77367332032708e+18,13426016450006.541,28.67449102220176,72.53714448274384,20.39876450676237,51.60224605487626,51.39369309065292,1.287963772063534e+21,-3160230919064962.0
4.130859375,8.782159640922181e+18,13473589149748.605,28.684090282902684,72.52815553227659,20.385875127930316,51.54599362494451,51.337177403839604,1.2961468922662507e+21,-3273263849622536.0
4.150390625,8.790678600813167e+18,13522124305669.668,28.693724367885416,72.5191321300869,20.372959717315354,51.48963416489922,51.280538116591444,1.3043418462107318e+21,-3391216165456031.5
4.169921875,8.799230416807603e+18,13571657456133.256,28.703393520449204,72.51007394366871,20.360018165168043,51.433167109635924,51.22377415448247,1.3125477316323566e+21,-3514301369192282.5
4.189453125,8.807815307870501e+18,13622225879113.518,28.71309798665892,72.50098063685813,20.34705036099829,51.37659188902681,51.16688419897576,1.320763589558165e+21,-3642742609507457.0
4.208984375,8.816433495389849e+18,13673868114123.834,28.722838016152977,72.49185187172544,20.334056193564948,51.31990792785611,51.10986681106932,1.32898839898688e+21,-3776773158767287.5
4.228515625,8.825085203161289e+18,13726624617781.49,28.732613862034093,72.48268730816493,20.321035550866096,51.2631146457702,51.05272069566753,1.337221088175012e+21,-3916637020422894.0
4.248046875,8.833770657017275e+18,13780537333735.096,28.7424257796052,72.4734866005744,20.30798832013078,51.20621145723313,50.99544455587974,1.345460563128322e+21,-4062589159226867.5
4.267578125,8.842490084231233e+18,13835650002151.043,28.752274024380647,72.46424939268293,20.294914387812558,51.14919777146333,50.93803686090639,1.3537057431584653e+21,-4214896193399803.5
4.287109375,8.851243713004498e+18,13892008596913.244,28.76215885037677,72.45497531306421,20.281813639585337,51.09207299235436,50.88049606685462,1.3619555853347945e+21,-4373837200724717.5
4.306640625,8.860031772346301e+18,13949660439537.998,28.77208050968632,72.44566397386768,20.268685960340115,51.03483651837988,50.82282082530307,1.370209081720104e+21,-4539703793614046.0
4.326171875,8.868854492444612e+18,14008655250331.863,28.782039253647696,72.43631497358788,20.255531234182094,50.977487742515834,50.76500955095051,1.3784652267971632e+21,-4712801064393590.0
4.345703125,8.877712105321791e+18,14069045105218.22,28.792035334931228,72.42692790217274,20.24234934442655,50.92002605218902,50.70706049396504,1.3867229700229838e+21,-4893448440475268.0
4.365234375,8.886604845385362e+18,14130883635559.238,28.802069009272973,72.41750234527161,20.229140173592004,50.86245082924859,50.64897212095385,1.3949811780202188e+21,-5081979851906860.0
4.384765625,8.895532949561596e+18,14194227390275.016,28.812140535844097,72.40803788502747,20.21590360338921,50.80476144991778,50.590742808771935,1.403238625146684e+21,-5278744871905532.0
4.404296875,8.904496656983446e+18,14259135179544.705,28.822250176172044,72.3985340971796,20.202639514707673,50.74695728470617,50.53237070422699,1.4114940136872356e+21,-5484109380793461.0
4.423828125,8.913496208483439e+18,14325668084388.166,28.832398192433843,72.38899054654323,20.189347787601776,50.68903769828392,50.4738539328216,1.419746007900181e+21,-5698456209130493.0
4.443359375,8.922531846218362e+18,14393890380649.662,28.842584846185883,72.37940678359624,20.17602830127999,50.63100204936473,50.4151908091749,1.4279932609235331e+21,-5922186309295575.0
4.462890625,8.931603813600825e+18,14463868404781.621,28.85281039809725,72.36978234362628,20.162680934099512,50.572849690627514,50.35637951230672,1.4362344217862023e+21,-6155719043779912.0
4.482421875,8.940712355485585e+18,14535671962202.29,28.863075108511442,72.36011674799347,20.149305563564628,50.51457996867426,50.29741769000611,1.4444681232521303e+21,-6399493730056527.0
4.501953125,8.949857718437873e+18,14609374022002.729,28.873379238270104,72.35040950604787,20.13590206632522,50.45619222399087,50.238303530495855,1.4526929598915913e+21,-6653970615911980.0
4.521484375,8.959040150949708e+18,14685049526511.6,28.88372304935892,72.34066011654862,20.12247031817072,50.3976857908651,50.17903535648141,1.4609074660310246e+21,-6919630770130375.0
4.541015625,8.968259903573784e+18,14762778288945.068,28.89410680527532,72.33086806836029,20.10901019401759,50.33905999727416,50.11961028180668,1.4691100992580548e+21,-7196978745094642.0
4.560546875,8.97751722899201e+18,14842643110068.32,28.904530771176848,72.32103284061094,20.095521567891968,50.28031416477131,50.06002625585325,1.4772992325651732e+21,-7486543207871145.0
4.580078125,8.986812382008166e+18,14924728957005.275,28.914995213783726,72.3111539022773,20.08200431291219,50.22144760840308,50.00028178920511,1.4854731577295034e+21,-7788876564852347.0
4.599609375,8.996145619430279e+18,15009126848530.143,28.925500400932467,72.30123071092277,20.06845830127546,50.162459636655115,49.94037353376716,1.4936301005269406e+21,-8104558561145641.0
4.619140625,9.005517199853565e+18,15095930897326.588,28.93604660082047,72.29126271061844,20.05488340425103,50.10334955138198,49.88029901457367,1.50176824272384e+21,-8434196806031738.0
4.638671875,9.0149273834359e+18,15185237761204.27,28.946634081236397,72.28124932975844,20.04127949217849,50.044116647698324,49.82005692696554,1.5098857399086945e+21,-8778426186772921.0
4.658203125,9.024376431785003e+18,15277150849169.375,28.957263109154805,72.27118997973508,20.02764643446818,49.984760213839,49.75964362409885,1.5179807239345312e+21,-9137912942328792.0
4.677734375,9.033864608017653e+18,15371777497407.27,28.967933950880724,72.2610840550073,20.013984099599732,49.92527953102866,49.699055984067144,1.526051285512505e+21,-9513355824915822.0
4.697265625,9.043392176963672e+18,15469227832011.303,28.978646872649144,72.25093093433951,20.000292355115036,49.86567387336514,49.638292844866506,1.5340954415863704e+21,-9905484982649854.0
4.716796875,9.052959405434545e+18,15569619052129.38,28.989402141418815,72.2407299825744,19.986571067604686,49.80594250772548,49.57735045695467,1.5421110981636952e+21,-1.0315066118968738e+16
4.736328125,9.062566562441065e+18,15673073983731.15,29.00020002549139,72.23048055202251,19.97282010268919,49.74608469370023,49.516224853818066,1.5500960217085575e+21,-1.0742903246212228e+16
4.755859375,9.072213919197478e+18,15779718081676.168,29.01104079444365,72.22018198222162,19.959039324999626,49.68609968358587,49.4549149235777,1.558047832488639e+21,-1.1189836310460532e+16
4.775390625,9.081901748784667e+18,15889684197392.86,29.021924717977093,72.20983359706392,19.94522859816351,49.625986722433005,49.39341701168174,1.565964027848586e+21,-1.1656745431737002e+16
4.794921875,9.091630325618553e+18,16003113082900.14,29.03285206416078,72.199434700299,19.93138778479841,49.565745048029115,49.33172613538219,1.5738420255936272e+21,-1.2144555958327342e+16
4.814453125,9.101399925280644e+18,16120147591401.445,29.043823098842214,72.18898457353923,19.917516746509417,49.50537389060788,49.26984119119025,1.5816791938264106e+21,-1.2654234031739982e+16
4.833984375,9.111210825274409e+18,16240938708760.389,29.054838088005912,72.17848248108562,19.903615343882176,49.444872472202725,49.20775864251394,1.5894728317439113e+21,-1.318679145549137e+16
4.853515625,9.121063306402376e+18,16365647491577.12,29.065897302086565,72.16792767955677,19.88968343646696,49.38424000596208,49.14547251479065,1.5972201097063524e+21,-1.374329292056059e+16
4.873046875,9.130957653259428e+18,16494436869154.041,29.077001017443987,72.15731942137926,19.87572088275954,49.32347569610345,49.08298156031883,1.6049180382914434e+21,-1.432484956103319e+16
4.892578125,9.140894152411982e+18,16627478784208.502,29.0881495104779,72.14665694156547,19.861727540189612,49.26257873894921,49.02028235587786,1.6125635344607488e+21,-1.4932624563008472e+16
4.912109375,9.150873089065771e+18,16764957099034.143,29.099343046968986,72.13593943333117,19.847703265114998,49.20154832439892,48.95736821208164,1.6201535450970925e+21,-1.5567842062582696e+16
4.931640625,9.160894745573976e+18,16907058327069.35,29.11058187729555,72.12516603652239,19.833647912804306,49.14038363611538,48.89423721895306,1.627685066468518e+21,-1.6231779964458694e+16
4.951171875,9.1709594044982e+18,17053978123398.654,29.121866246104705,72.11433585839653,19.81956133740411,49.07908384930481,48.830886416493655,1.6351549355253438e+21,-1.692577461251396e+16
4.970703125,9.181067354398592e+18,17205926728125.445,29.13319641063234,72.10344801427544,19.80544339192691,49.017648127573324,48.767308022775474,1.6425594998039965e+21,-1.7651233366803138e+16
4.990234375,9.191218892585603e+18,17363107682533.2,29.144572649397833,72.09250164755795,19.791293928299115,48.95607562220543,48.703514280702734,1.649894471681379e+21,-1.8409625604511436e+16
5.009765625,9.201414320813296e+18,17524047560356.195,29.155995248532225,72.08149589958677,19.77711279743396,48.89436547505285,48.64426497560385,1.6571551727959907e+21,-1.9200602827813844e+16
5.029296875,9.211653937092197e+18,17692370644369.99,29.16746447573339,72.07042984985841,19.7628998492065,48.832516821710335,48.58002282630429,1.6643370489220075e+21,-2.0029379885879396e+16
5.048828125,9.221938030186362e+18,17866635758204.523,29.17898056265376,72.05930247296463,19.74865493231223,48.77052879147092,48.51555932385802,1.6714360423756296e+21,-2.089588358472462e+16
5.068359375,9.232266883815557e+18,18047088617833.88,29.190543718018503,72.04811266940075,19.734377894105943,48.70840050579422,48.45088501893285,1.67844848929688e+21,-2.1801862187902372e+16
5.087890625,9.242640788954325e+18,18234002261518.64,29.202154166431956,72.03685936090913,19.720068580552073,48.64613107791838,48.38599159522773,1.6853705622190377e+21,-2.274917446275966e+16
5.107421875,9.253060055617485e+18,18427656001134.305,29.213812185488994,72.02554157608544,19.70572683624001,48.58371960910074,48.32087549774641,1.6921975891027616e+21,-2.373975867480786e+16
5.126953125,9.26352501035119e+18,18628341750583.76,29.225518097797984,72.01415841883474,19.69135250451577,48.521165181304205,48.25553376561077,1.6989238162193672e+21,-2.4775638574281052e+16
5.146484375,9.27403597610241e+18,18836370499492.695,29.23727220782324,72.00270891858621,19.67694542784175,48.45846686233585,48.18995903388762,1.7055430056030527e+21,-2.585893916134112e+16
5.166015625,9.284593253052314e+18,19052062282126.742,29.24907474182519,71.99119190688684,19.662505448008385,48.39562372284754,48.12414756250307,1.7120494860428008e+21,-2.6991877673228524e+16
5.185546875,9.295197124089072e+18,19275751431769.062,29.260925864653018,71.97960605473794,19.648032405687516,48.33263483225825,48.05809663911583,1.7184384861056184e+21,-2.8176769652723324e+16
5.205078125,9.305847881227792e+18,19507792853368.504,29.27282576202089,71.9679500448568,19.633526139764957,48.2694992367647,47.99179954137935,1.7247051493080524e+21,-2.941604484100269e+16
5.224609375,9.316545841776452e+18,19748553078757.727,29.284774691037818,71.95622270028615,19.618986487249362,48.20621596238941,47.92525268915945,1.7308433398064672e+21,-3.0712238965758156e+16
5.244140625,9.327291334192863e+18,19998415758273.6,29.296772936215298,71.94442290808286,19.60441328378725,48.14278403798537,47.85845327474234,1.736845625910974e+21,-3.2068001655647924e+16
5.263671875,9.33808466884563e+18,20257785937772.21,29.308820718380332,71.93254939660372,19.589806364234683,48.07920249738219,47.79139546415536,1.74270401119433e+21,-3.348610977421763e+16
5.283203125,9.348926124221702e+18,20527084151530.367,29.320918151755674,71.92060059193373,19.5751655627656,48.015470353828604,47.72407580962378,1.7484100883055958e+21,-3.4969462646547736e+16
5.302734375,9.359815962487724e+18,20806750334318.555,29.333065292605873,71.90857471432736,19.560490712564025,47.951586583711645,47.656491561299944,1.7539547386386307e+21,-3.6521089176693016e+16
5.322265625,9.370754459711234e+18,21097247773930.29,29.345262233369645,71.89647001434459,19.545781645382217,47.88755012915133,47.58863770584824,1.7593284768119542e+21,-3.814416096228329e+16
5.341796875,9.381741920184769e+18,21399059087108.24,29.357509146316886,71.88428490856357,19.531038190900585,47.82335991604253,47.5205110684555,1.7645224686783273e+21,-3.984199007502435e+16
5.361328125,9.392778660123816e+18,21712688760802.816,29.369806230118954,71.87201792198842,19.51626017534893,47.75901489983717,47.45210907786496,1.7695287754839685e+21,-4.161803548128292e+16
5.380859375,9.403864986999294e+18,22038667973789.582,29.38215364737035,71.85966758399776,19.50144742303245,47.69451410164581,47.38342749449841,1.7743381754007325e+21,-4.347591853965713e+16
5.400390625,9.415001233463706e+18,22377550032857.402,29.394551634720692,71.84723291803536,19.48659975908668,47.629856760657574,47.31446365770174,1.7789406452122088e+21,-4.541941929401628e+16
5.419921875,9.426187731752282e+18,22729914673952.89,29.407000412752016,71.834713142294,19.47171700289733,47.565042264796965,47.24521519477953,1.783330748579285e+21,-4.745248791098042e+16
5.439453125,9.437424775369431e+18,23096370882054.6,29.419500018700838,71.82210226282314,19.45679893651199,47.5000667668705,47.17567875425367,1.7875003230576763e+21,-4.957925743805077e+16
5.458984375,9.44871279258923e+18,23477553726735.996,29.432051081080818,71.80940082149884,19.4418454592712,47.43493009195053,47.10585225919798,1.7914363077731651e+21,-5.180404241456694e+16
5.478515625,9.460052248715799e+18,23874130052928.73,29.444654243836975,71.79661745967589,19.426856408981894,47.369637241348606,47.03573367844728,1.7951407388371667e+21,-5.413135533287057e+16
5.498046875,9.471443446888563e+18,24286797856919.242,29.457309550996403,71.7837373198103,19.411831565350525,47.304178534951994,46.9653207257161,1.798607663388326e+21,-5.656591304186278e+16
5.517578125,9.482886640314735e+18,24716287945643.414,29.470016807250115,71.77076153144158,19.396770656836402,47.23855512406407,46.894611798465036,1.801812710008772e+21,-5.911264650344433e+16
5.537109375,9.494381659098126e+18,25163366281547.76,29.482774776848846,71.75768915618399,19.381673595736277,47.17276890960735,46.82360553715733,1.8047316822334547e+21,-6.177671102756778e+16
5.556640625,9.505928562970925e+18,25628834831948.027,29.49558273824145,71.74451306418928,19.366540164668113,47.106816580770726,46.7523006417771,1.807289278365709e+21,-6.456349396674273e+16
5.576171875,9.517526332221372e+18,26113534408280.38,29.508436714172284,71.73122119414727,19.351370208572973,47.040696951040346,46.68069617999806,1.809539245526377e+21,-6.7478623339608344e+16
5.595703125,9.52918003771863e+18,26618345314254.84,29.5213514402874,71.71784746800267,19.336163465855982,46.97440891156863,46.60879160083187,1.811534317734745e+21,-7.0527982926377736e+16
5.615234375,9.540886423471817e+18,27144190726961.48,29.534316037372044,71.70436291609978,19.320919815348873,46.9079513019812,46.536586499078304,1.8131930769448942e+21,-7.371773473798395e+16
5.634765625,9.552646046790179e+18,27692037610438.383,29.547331296798585,71.6907672761777,19.305639035692582,46.841322941051864,46.4640807867092,1.8144862413318259e+21,-7.705432153584827e+16
5.654296875,9.564459051315237e+18,28262899547492.08,29.56039676558567,71.67705702939904,19.2903209336959,46.77452257243046,46.39127474747654,1.8153872016340856e+21,-8.054448186159474e+16
5.673828125,9.576325573942983e+18,28857838807492.668,29.573511957585776,71.66322850724855,19.274965311245644,46.70754889105358,46.31816893456594,1.8158729897533972e+21,-8.419526331212152e+16
5.693359375,9.588245803420998e+18,29477969008679.168,29.5866765386796,71.64927838285897,19.259571968150542,46.64040057810195,46.2447640970139,1.8159218329727738e+21,-8.801403887694854e+16
5.712890625,9.60021993162438e+18,30124457547616.41,29.599890176834307,71.63520331952576,19.244140702773834,46.57307631085931,46.17106144410052,1.8155118952906217e+21,-9.200852301725387e+16
5.732421875,9.612248129853979e+18,30798527954192.098,29.613152468873132,71.62099978776581,19.228671311949334,46.505574758838634,46.09706241826887,1.8146199806622598e+21,-9.618678790425808e+16
5.751953125,9.62433054081442e+18,31501463883318.727,29.62646291582614,71.60666399350595,19.21316359087315,46.437894575352644,46.02276862765512,1.8132210651288064e+21,-1.0055728568527024e+17
5.771484375,9.636467284046125e+18,32234610311758.777,29.639820939703277,71.59219191047347,19.197617332943842,46.37003439155608,45.948182198165824,1.8112885617917572e+21,-1.0512886200583722e+17
5.791015625,9.648658467068189e+18,32999378428215.297,29.65322591777137,71.57757936112218,19.182032329624285,46.301992814748104,45.87330535342816,1.808794904785896e+21,-1.0991078170246968e+17
5.810546875,9.660904194281753e+18,33797247964894.21,29.666677209838667,71.5628220844724,19.16640837033708,46.23376842941856,45.79814057908507,1.805712031671701e+21,-1.1491274745125778e+17
5.830078125,9.673204569442249e+18,34629770616846.16,29.680174165710593,71.54791575673548,19.150745242384545,46.1653597988903,45.722690761219916,1.8020115303464638e+21,-1.2014492185775262e+17
5.849609375,9.685559691481025e+18,35498574441903.016,29.693716112243102,71.53285596149402,19.135042730885036,46.096765466200985,45.64695885710993,1.7976644271882971e+21,-1.2561795392970029e+17
5.869140625,9.697969645690694e+18,36405366969845.82,29.70730232628205,71.51763812430947,19.11930061872587,46.02798395391229,45.570948093409264,1.7926407170736356e+21,-1.3134300195386643e+17
5.888671875,9.710434492613712e+18,37351939551544.91,29.720932000743634,71.50225742984601,19.10351868654042,45.95901376317838,45.494661981595456,1.7869087598165762e+21,-1.3733176074605074e+17
5.908203125,9.722954256295746e+18,38340171754970.19,29.734604208969586,71.48670873465407,19.08769671271585,45.88985337255704,45.418104079672304,1.7804346366716635e+21,-1.435964899926477e+17
5.927734375,9.735528912931574e+18,39372035724640.086,29.7483178705045,71.47098648372845,19.071834473427355,45.82050123689523,45.34127818173688,1.7731815292295766e+21,-1.5015004292777075e+17
5.947265625,9.7481583809216e+18,40449600648284.88,29.762071721369857,71.45508463841101,19.055931742680617,45.75095578637179,45.264188258594565,1.7651091820724326e+21,-1.5700589528974893e+17
5.966796875,9.760842513924014e+18,41575038458948.766,29.7758642936047,71.43899662707133,19.039988292335718,45.68121542565448,45.18683828686435,1.7561735383016425e+21,-1.6417817967051638e+17
5.986328125,9.773581099144903e+18,42750628198369.42,29.789693910813764,71.42271533455514,19.02400389208619,45.61127853306297,45.109232445244196,1.746326668861424e+21,-1.7168171471088304e+17
6.005859375,9.786373863275153e+18,43978762127852.29,29.803558706942336,71.40623314750117,19.007978309378693,45.54114345969412,45.03137495600543,1.735517122555141e+21,-1.7953204095743827e+17
6.025390625,9.799220487792478e+18,45261951489917.62,29.817456673375712,71.38954206750353,18.991911309278052,45.470808528548005,44.95327004706275,1.723690784831324e+21,-1.8774545589393952e+17
6.044921875,9.812120633812107e+18,46602832218465.73,29.83138573478936,71.37263389286419,18.975802654302402,45.400272033752984,44.87492206330233,1.7107922503974414e+21,-1.9633904845641622e+17
6.064453125,9.825073974678024e+18,48004171954010.88,29.84534384814237,71.35550045521495,18.959652104266915,45.32953224000194,44.796335302242056,1.6967666078101581e+21,-2.0533073918199702e+17
6.083984375,9.838080232649193e+18,49468876477527.39,29.859329113669922,71.33813388411076,18.943459416176808,45.258587382305436,44.71751406233936,1.681561436141538e+21,-2.1473931844368506e+17
6.103515625,9.851139214970681e+18,50999996926854.336,29.873339883563027,71.32052686520228,18.927224344201313,45.18743566609503,44.63846265477678,1.6651287580760775e+21,-2.2458448813869126e+17
6.123046875,9.864250844741693e+18,52600737580597.81,29.887374854458578,71.30267285882384,18.910946639739315,45.116075267658815,44.55918529837846,1.6474267025861202e+21,-2.3488690662992278e+17
6.142578125,9.87741518336096e+18,54274463595658.59,29.901433134066455,71.2845662560388,18.894626051565186,45.04450433483373,44.4796861793074,1.6284207062257398e+21,-2.45668234172427e+17
6.162109375,9.89063244361341e+18,56024709539098.164,29.915514279200767,71.26620246588911,18.87826232602141,44.972720987848994,44.39996940849931,1.608084205923188e+21,-2.5695118243796237e+17
6.181640625,9.903902995020182e+18,57855188368963.2,29.929618310218206,71.24757794611277,18.86185520721503,44.90072332022872,44.32003897687032,1.5863989126144448e+21,-2.687595669531961e+17
6.201171875,9.917227365139583e+18,59769800604171.81,29.94374571307217,71.22869020433195,18.84540443717608,44.8285093996912,44.23989879081172,1.5633548634721257e+21,-2.8111836093759574e+17
6.220703125,9.930606241426256e+18,61772644415904.21,29.95789744291312,71.20953780304986,18.828909755951845,44.7560772690305,44.15955261667725,1.5389504975852496e+21,-2.9405375392840774e+17
6.240234375,9.944040477706914e+18,63868025984837.65,29.97207494144841,71.19012039753868,18.8123709016324,44.68342494702853,44.079004076475165,1.5131929702882762e+21,-3.0759321226512416e+17
6.259765625,9.95753110744208e+18,66060470490780.805,29.98628017453677,71.17043882183485,18.795787610325853,44.61055042945402,43.99825665009211,1.4860988219884524e+21,-3.217655429943073e+17
6.279296875,9.971079363269749e+18,68354733860617.125,30.000515688429047,71.15049521880961,18.779159616118957,44.537451690227904,43.91731363630613,1.457694976185805e+21,-3.36600962116134e+17
6.298828125,9.984686699671871e+18,70755814968543.81,30.014784675104313,71.1302931913611,18.762486651063963,44.46412668280324,43.83617815911407,1.4280198992785097e+21,-3.521311659076709e+17
6.318359375,9.99835481376176e+18,73268968676844.73,30.029091031669207,71.10983793888717,18.745768445224304,44.39057334176282,43.75485315094125,1.397124653654529e+21,-3.6838940745936634e+17
6.337890625,1.0012085658692004e+19,75899719585948.12,30.04343939737324,71.08913634003966,18.72900472679481,44.31678958458224,43.67334133356821,1.3650735460549586e+21,-3.8541057822068486e+17
6.357421875,1.002588144514789e+19,78653876500700.78,30.057835154767776,71.06819695007317,18.712195222288653,44.24277331347323,43.59164521764448,1.331944124756611e+21,-4.032312947984975e+17
6.376953125,1.003974462851435e+19,81537547817805.89,30.07228438796471,71.04702989647498,18.695339656763885,44.16852241716703,43.50976708291892,1.2978263966788716e+21,-4.218899922540281e+17
6.396484375,1.00536778819744e+19,84557157713350.72,30.08679379897277,71.02564667567381,18.67843775404904,44.0940347725037,43.42770896921198,1.2628212842718914e+21,-4.414270233853944e+17
6.416015625,1.0067684058285402e+19,87719463266949.31,30.101370590528585,71.00405987119035,18.66148923692858,44.01930824570953,43.34547266772893,1.2270384790582353e+21,-4.6188476458890323e+17
6.435546875,1.0081766144654066e+19,91031572578292.69,30.116022328798874,70.98228282517815,18.64449382725797,43.944340693273936,43.26305970643056,1.1905939370653757e+21,-4.833077284635858e+17
6.455078125,1.0095927215624278e+19,94500963864688.56,30.13075680073756,70.96032929845398,18.627451245996838,43.869129962397814,43.18047134324929,1.1536072820138295e+21,-5.0574268286838125e+17
6.474609375,1.011017038819147e+19,98135505675988.48,30.145581878716545,70.93821314878211,18.610361213167113,43.793673891015146,43.097708555847106,1.1161993382639678e+21,-5.292387769144261e+17
6.494140625,1.0124498781799348e+19,101943478233469.16,30.160505400340586,70.91594804591779,18.59322344775797,43.71797030742549,43.014772033513005,1.0784899294176429e+21,-5.538476737445089e+17
6.513671875,1.013891548402675e+19,105933595987196.69,30.175535065807665,70.8935472287503,18.576037667605295,43.64201702958529,42.93166217116312,1.0405959821722634e+21,-5.796236904458042e+17
6.533203125,1.0153423521242825e+19,110115031458905.73,30.190678350606422,70.8710232990984,18.55880358927161,43.56581186408873,42.84837906372895,1.0026298991262448e+21,-6.066239453577052e+17
6.552734375,1.0168025832747778e+19,114497440441310.84,30.20594242908059,70.84838804148761,18.54152092794181,43.48935260487671,42.76492250251055,9.646981287276202e+20,-6.349085130728598e+17
6.572265625,1.0182725247073505e+19,119090988645472.52,30.221334104868344,70.82565225942064,18.52418939733813,43.41263703168109,42.681291972994565,9.26899869941109e+20,-6.645405875349548e+17
6.591796875,1.0197524460014117e+19,123906379863067.78,30.23685974689104,70.80282562503182,18.506808709646037,43.33566290823129,42.59748665487671,8.893258929224142e+20,-6.955866534569175e+17
6.611328125,1.021242601516954e+19,128954885761750.72,30.25252523315656,70.77991654743697,18.489378575435897,43.258427980233044,42.51350542251553,8.520575144042147e+20,-7.2811666652698e+17
6.630859375,1.0227432288813535e+19,134248377376672.56,30.26833590766634,70.75693207216692,18.47189870356426,43.180929973155486,42.42934684883173,8.151658145951488e+20,-7.622042425195459e+17
6.650390625,1.0242545481329195e+19,139799358430974.33,30.28429655695846,70.73387782688417,18.454368801044133,43.103166589869964,42.34500920962682,7.787112033263393e+20,-7.979268558102333e+17
6.669921875,1.0257767617102672e+19,145621000586920.44,30.300411411742544,70.7107580259659,18.43678857288278,43.02513550820895,42.26049048965954,7.427434290499981e+20,-8.353660476731496e+17
6.689453125,1.0273100553719507e+19,151727180733724.6,30.31668417596427,70.68757553914752,18.419157721894567,42.94683437851771,42.17578839145309,7.073020779968935e+20,-8.746076448248613e+17
6.708984375,1.0288545999894874e+19,158132520479795.06,30.33311808146326,70.66433201966605,18.40147594850402,42.86826082129809,42.09090034346525,6.724175436149452e+20,-9.157419891707795e+17
6.728515625,1.0304105540224821e+19,164852427943735.25,30.34971596244435,70.64102807814314,18.38374295055697,42.78941242502449,42.00582351110654,6.38112374375332e+20,-9.588641794126254e+17
6.748046875,1.0319780663940047e+19,171903142028603.56,30.36648034135682,70.61766348242914,18.36595842315608,42.71028674420827,41.92055480771666,6.044028487778314e+20,-1.0040743258045939e+18
6.767578125,1.033557279454432e+19,179301779320605.34,30.383413516950878,70.59423736175398,18.34812205853208,42.630881297720116,41.83509090601359,5.713005957826279e+20,-1.051477819194257e+18
6.787109375,1.035148331747201e+19,187066383775591.53,30.400517646080473,70.57074839550329,18.330233545954698,42.55119356734362,41.7494282502006,5.388140865696705e+20,-1.1011856156139444e+18
6.806640625,1.0367513603528729e+19,195215979383469.25,30.417794812721812,70.54719497150604,18.31229257167983,42.47122099652827,41.663563067816106,5.069498679041639e+20,-1.153314537812267e+18
6.826171875,1.0383665026725485e+19,203770625974355.66,30.435247080197342,70.52357530464425,18.29429881892214,42.390960989277005,41.57749138145325,4.757134736686516e+20,-1.2079875948657492e+18
6.845703125,1.0399938976077754e+19,212751478396662.1,30.452876525436096,70.49988751334284,18.276251967838615,42.31041090915499,41.49120901933279,4.4511001704882504e+20,-1.2653343212815066e+18
6.865234375,1.0416336861899262e+19,222180849218994.97,30.4706852569141,70.47612965799811,18.25815169550787,42.22956807838508,41.40471162751525,4.151445128107427e+20,-1.325491136407494e+18
6.884765625,1.0432860117874571e+19,232082275255770.94,30.488675420123425,70.45229975039784,18.23999767589686,42.14842977696513,41.31799467798095,3.858220009984942e+20,-1.388601725768673e+18
6.904296875,1.0449510200538542e+19,242480588082716.03,30.506849195408684,70.4283957453599,18.221789579815535,42.06699324173277,41.23105347937114,3.571475456294642e+20,-1.4548174450825234e+18
6.923828125,1.0466288587691827e+19,253401988802382.62,30.52520879269745,70.4044155250575,18.203527074868045,41.9852556653465,41.14388318658151,3.291261718153715e+20,-1.524297748204609e+18
6.943359375,1.048319677692814e+19,264874127449002.0,30.543756446583913,70.38035688412164,18.185209825407416,41.9032141952436,41.056478805123646,3.017627855317098e+20,-1.597210641113919e+18
6.962890625,1.0500236285027787e+19,276926187066278.5,30.562494413957495,70.35621752072548,18.16683749249242,41.8208659326698,40.96883520433717,2.7506209686278583e+20,-1.673733161802142e+18
6.982421875,1.0517408648438161e+19,289588973095886.25,30.581424974784717,70.33199503494077,18.14840973383731,41.73820793171689,40.880947118704405,2.4902855268332247e+20,-1.7540518896596042e+18
7.001953125,1.053471542432133e+19,302895008176059.44,30.600550434505685,70.30768693047614,18.12992620375084,41.655237198179464,40.79280915557762,2.236662888604625e+20,-1.8383634847304896e+18
7.021484375,1.0552158191054215e+19,316878632643272.25,30.61987312481907,70.28329061214981,18.111386553076507,41.57195068813229,40.704415805161204,1.9897912242916694e+20,-1.9268752581687112e+18
7.041015625,1.056973854739196e+19,331576111609129.25,30.639395400612468,70.25880337435247,18.09279042915407,41.488345306499966,40.61576143433045,1.74970588888828e+20,-2.0198057790953098e+18
7.060546875,1.0587458110920376e+19,347025748123149.0,30.659119634881737,70.23422238549082,18.074137475804143,41.4044179060401,40.52684030491202,1.5164398292919858e+20,-2.1173855144480591e+18
7.080078125,1.0605318517596068e+19,363268003870885.25,30.679048216814184,70.20954468028003,18.055427333310217,41.32016528667317,40.43764656562854,1.2900233581777009e+20,-2.2198575103941281e+18
7.099609375,1.062332142333094e+19,380345627195678.56,30.69918355572939,70.18476716484423,18.03665963836973,41.235584194415296,40.348174257804516,1.0704831875602042e+20,-2.327478113840352e+18
7.119140625,1.0641468506093916e+19,398303788762937.2,30.719528086432906,70.15988662336264,18.017834024018782,41.15067131933324,40.25841732781619,8.578416024297465e+19,-2.440517735065403e+18
7.138671875,1.0659761465936605e+19,417190226756498.3,30.740084268549495,70.13489971017603,17.998950119563702,41.06542329313605,40.1683696060538,6.521167418958535e+19,-2.559261663028824e+18
7.158203125,1.0678202022819928e+19,437055399686629.3,30.760854579544137,70.10980292909039,17.980007550530527,40.97983668778093,40.07802483807576,4.53323610582084e+19,-2.6840109206515973e+18
7.177734375,1.0696791915495176e+19,457952650455809.9,30.78184151078318,70.0845926219487,17.961005938598962,40.89390801539896,39.987376657373254,2.614742185164672e+19,-2.8150831822286735e+18
7.197265625,1.0715532903935093e+19,479938379717081.1,30.803047573750074,70.05926498017438,17.941944901499436,40.80763372806131,39.896418600850744,7.657609956543675e+18,-2.952813740667631e+18
7.216796875,1.0734426772619577e+19,503072230252681.0,30.824475308692996,70.03381605825119,17.922824052927876,40.721010215582645,39.8051441132979,-1.0136931849137455e+19,-3.0975565335430963e+18
7.236328125,1.0753475329038436e+19,527417284646503.75,30.84612727966313,70.00824175251832,17.903643002564515,40.63403380148344,39.7135465181307,-2.7236649839376253e+19,-3.2496852422040284e+18
7.255859375,1.0772680396795781e+19,553040272507607.2,30.868006054251182,69.98253774627386,17.88440135617725,40.54670073975832,39.62161906418227,-4.3642410036692296e+19,-3.4095944387618473e+18
7.275390625,1.0792043811187796e+19,580011795264071.8,30.890114190354012,69.9566994773597,17.865098715625365,40.45900721511037,39.52935486443915,-5.935544875979402e+19,-3.5777008309132713e+18
7.294921875,1.0811567425309338e+19,608406560818558.4,30.912454252675918,69.93072217729106,17.84573467860601,40.370949344990166,39.436746950623395,-7.437759757928853e+19,-3.754444555681555e+18
7.314453125,1.0831253122810681e+19,638303637328395.4,30.93502884795389,69.90460094660986,17.826308838317097,40.28252317808729,39.34378822867461,-8.87115540602404e+19,-3.940290577263795e+18
7.333984375,1.0851102822909835e+19,669786721368115.6,30.95784063845835,69.87833077120662,17.80682078347803,40.19372468823355,39.250471490476876,-1.0236074850018751e+20,-4.1357301587082947e+18
7.353515625,1.0871118471173673e+19,702944423084632.9,30.980892315657265,69.85190644847789,17.787270098822695,40.10454976939858,39.15678942658304,-1.1532865844681312e+20,-4.3412824206245294e+18
7.373046875,1.0891302030608077e+19,737870573491160.8,31.004186574755227,69.82532252307675,17.767656365490144,40.01499423469801,39.06273457064092,-1.2761808464289746e+20,-4.557496009365867e+18
7.392578125,1.0911655493674312e+19,774664544570701.4,31.02772614756764,69.79857336062793,17.74797916065029,39.9250538173674,38.96829924468434,-1.3923110824112398e+20,-4.784950024824814e+18
7.412109375,1.0932180912035887e+19,813431606942097.2,31.051513884362546,69.7716533380883,17.728238056472165,39.834724174353845,38.87347626568984,-1.5016962752528312e+20,-5.024259401222075e+18
7.431640625,1.0952880412368587e+19,854283276899188.2,31.07555279599683,69.74455693558575,17.70843261933824,39.74400088582413,38.778256997917474,-1.6043549910112243e+20,-5.276071927550441e+18
7.451171875,1.0973756176019925e+19,897337738538045.0,31.099845995423486,69.71727857458418,17.688562410283996,39.652879441878476,38.68263394264937,-1.7002983466352522e+20,-5.541072307742032e+18
7.470703125,1.099481040743366e+19,942720235527372.8,31.1243966093223,69.68981239561674,17.66862698631514,39.561355234596654,38.58659890729243,-1.789523257498217e+20,-5.819986534217611e+18
7.490234375,1.1016045334956534e+19,990562079068497.0,31.149207780179875,69.66215224831011,17.648625900741504,39.46942355292287,38.49017367173424,-1.8720172377204592e+20,-6.113574631714775e+18
7.509765625,1.10374632359035e+19,1040819985042248.2,31.17428273427784,69.63429188679946,17.628558702046103,39.37707960730674,38.400259176904925,-1.947771050836369e+20,-6.421506968705894e+18
7.529296875,1.1059066473504066e+19,1094005481015653.2,31.199624880575254,69.60622526765697,17.60842493156488,39.284318571026795,38.30296217003242,-2.0167730351086495e+20,-6.74684015241714e+18
7.548828125,1.1080857462379442e+19,1150098321473093.0,31.225237716607975,69.57794604624918,17.58822412634419,39.191135424231405,38.205263712581925,-2.0789907126085635e+20,-7.089387797633573e+18
7.568359375,1.1102838691712647e+19,1209265236646371.0,31.25112489938188,69.54944798599476,17.56795582306267,39.09752510819563,38.107170328723974,-2.134403676200525e+20,-7.450106348546758e+18
7.587890625,1.1125012536545087e+19,1271684242496166.2,31.2772897157181,69.52072394784302,17.547619559430927,39.00348262527792,38.008668639262496,-2.1830237707105504e+20,-7.830014082471079e+18
7.607421875,1.1147381342349185e+19,1337544231956499.2,31.30373532115325,69.49176350688685,17.527214874154584,38.90900140562726,37.909745965558976,-2.2248172494353023e+20,-8.230187015956615e+18
7.626953125,1.1169947996289479e+19,1407045695958662.5,31.330466374193982,69.46256792882902,17.506741324720462,38.814079707047306,37.81039010663645,-2.2595941629432634e+20,-8.651763043356101e+18
7.646484375,1.1192715695091743e+19,1480401459087120.5,31.357487977785613,69.43312222967538,17.486198264775897,38.718705813417316,37.710589425955234,-2.2874650457686163e+20,-9.09594606058333e+18
7.666015625,1.121568547360894e+19,1557837511113368.8,31.38479962954394,69.40342148310553,17.465585331263668,38.622881302254854,37.61033255130739,-2.3088395591380972e+20,-9.564010359999087e+18
7.685546875,1.1238857802428869e+19,1639593822677840.5,31.412399048894258,69.37343317937064,17.444902067529032,38.52659443787264,37.509608611304046,-2.3227647344478968e+20,-1.005730457815e+19
7.705078125,1.1262247422977303e+19,1725925360990338.0,31.440323290224825,69.34322940946102,17.424147752211375,38.429842920202795,37.40840674923929,-2.3292242333097145e+20,-1.0577257456101093e+19
7.724609375,1.1285841484856183e+19,1817102990692742.0,31.46853324435335,69.31270281518776,17.403322212894302,38.332619500029736,37.30671648502581,-2.3288236541824526e+20,-1.112538260197729e+19
7.744140625,1.130965187708049e+19,1913414552836963.5,31.49705780176063,69.2819002348935,17.382424695750434,38.23491805851822,37.204527360271065,-2.321020738020716e+20,-1.1703282934523245e+19
7.763671875,1.1333680039903273e+19,2015166026717385.2,31.525897186648958,69.25080400191771,17.361454768284233,38.13673262759871,37.10182906802171,-2.3056793163072215e+20,-1.2312657204299135e+19
7.783203125,1.1357928830797634e+19,2122682728442279.2,31.555055330995565,69.21940390430903,17.34041189441834,38.03805674509821,36.99861129401029,-2.2826536785529904e+20,-1.2955305737607698e+19
7.802734375,1.1382401487337517e+19,2236310605164360.8,31.58453717547593,69.18769151830496,17.319295546961825,37.938883873172195,36.89486375900038,-2.2517947012822444e+20,-1.3633136768223707e+19
7.822265625,1.1407101261009308e+19,2356417636821676.5,31.614347626196185,69.15565790920473,17.29810519579814,37.839207374941395,36.79057614234855,-2.212919170412412e+20,-1.4348173243387775e+19
7.841796875,1.1432031508970308e+19,2483395327637319.5,31.644491802872555,69.12329408650328,17.276840305185452,37.73902046446562,36.68573806866178,-2.165810510788265e+20,-1.510256000615787e+19
7.861328125,1.1457195694138464e+19,2617660309872340.5,31.674975037457333,69.09059096710219,17.255500334235528,37.63831619545225,36.58033907598235,-2.1102196026916182e+20,-1.5898571476866167e+19
7.880859375,1.1482597355390898e+19,2759656063613843.0,31.70580278951923,69.05753918558008,17.234084737016442,37.537087464858196,36.47436858833963,-2.045877755692365e+20,-1.6738619836183142e+19
7.900390625,1.1508240080028504e+19,2909854760953456.0,31.73698056823928,69.02412891714913,17.212592962534,37.43532701453483,36.36781589745015,-1.9725094514114416e+20,-1.7625263724304574e+19
7.919921875,1.1534127491375194e+19,3068759246733699.0,31.768513896438083,68.99034978205599,17.191024454603994,37.333027426615494,36.26067013697713,-1.889837820767846e+20,-1.856121749224397e+19
7.939453125,1.156026325868003e+19,3236905164088790.5,31.80040833609301,68.95619087839972,17.169378651671405,37.23018111593814,36.15292026672917,-1.7975792228048044e+20,-1.9549361020515893e+19
7.958984375,1.1586651125996835e+19,3414863238766759.5,31.832669565929073,68.92164092790956,17.147654986717647,37.12678032326468,36.044555052611635,-1.6954285580092418e+20,-2.059275016119209e+19
7.978515625,1.1613294945865839e+19,3603241733761932.5,31.865303471887064,68.88668845021151,17.125852887343587,37.02281711028244,35.93556305013374,-1.583042184072746e+20,-2.1694627850585235e+19
7.998046875,1.1640198701387706e+19,3802689088656670.0,31.898316205331497,68.85132186633429,17.10397177600242,36.91828335552342,35.82593258750633,-1.460026334591725e+20,-2.285843595515376e+19
8.017578125,1.1667366508018846e+19,4013896758208450.5,31.931714185357144,68.81552947947587,17.082011070280174,36.813170750049075,35.71565174887196,-1.3259351855599523e+20,-2.4087827903666053e+19
8.037109375,1.1694802598207115e+19,4237602266004407.5,31.965504054021324,68.7792993525697,17.059970183119887,36.70747079228889,35.604708358023956,-1.180277050046879e+20,-2.538668214987949e+19
8.056640625,1.172251130012467e+19,4474592490562700.0,31.99969261555621,68.74261915074166,17.03784852293766,36.601174782074686,35.493089961978704,-1.0225233017041615e+20,-2.6759116503482307e+19
8.076171875,1.1750497022194868e+19,4725707202759080.0,32.03428679161837,68.70547601841574,17.01564549364207,36.49427381422515,35.38078381489741,-8.521144239553636e+19,-2.820950336578031e+19
8.095703125,1.1778764249319455e+19,4991842875474048.0,32.06929360861372,68.66785652548246,16.993360494609938,36.38675877203402,35.26777686203317,-6.6846032325152055e+19,-2.9742485914716738e+19
8.115234375,1.1807317549469768e+19,5273956788239712.0,32.10472021329387,68.62974667351234,16.97099292068215,36.27862032074382,35.15405572369114,-4.709354691183027e+19,-3.1362995294049882e+19
8.134765625,1.183616158493537e+19,5573071451738699.0,32.14057390095399,68.59113192745241,16.94854216222467,36.169848900889235,35.03960667903975,-2.588715081701338e+19,-3.3076268870854693e+19
8.154296875,1.1865301122444198e+19,5890279379152883.0,32.17686214045149,68.55199723853465,16.92600760526931,36.06043472138551,34.92441564962518,-3.1550078589604813e+18,-3.4887869629926683e+19
8.173828125,1.1894741039158364e+19,6226748233709705.0,32.213592587928964,68.51232704115193,16.903388631718133,35.95036775232098,34.80846818249867,2.118027264759305e+19,-3.680370677345357e+19
8.193359375,1.1924486324716335e+19,6583726384411189.0,32.250773089746716,68.47210522525795,16.88068461957983,35.83963771751375,34.69174943287035,4.7202028599026794e+19,-3.883005759178487e+19
8.212890625,1.1954542081268998e+19,6962548904880622.0,32.28841167993362,68.43131509591142,16.857894943211235,35.72823408684275,34.574244146232495,7.499986761108421e+19,-4.097359066872226e+19
8.232421875,1.1984913523503606e+19,7364644053554242.0,32.32651657756714,68.38993933151725,16.835018973554373,35.6161460683298,34.455936639893494,1.0467001649342887e+20,-4.324139048394479e+19
8.251953125,1.2015605979657136e+19,7791540277070684.0,32.36509618679433,68.34795994633,16.812056078376543,35.5033625999196,34.33681078386121,1.3631575064037414e+20,-4.564098347568626e+19
8.271484375,1.204662489340662e+19,8244873782686676.0,32.404159099197365,68.30535825639937,16.789005622529753,35.389872340945516,34.216849981011194,1.7004790376149883e+20,-4.818036562736975e+19
8.291015625,1.2077975825871153e+19,8726396729903038.0,32.443714096452204,68.26211484449624,16.76586696824353,35.27566366328802,34.096037146474,2.0598542621512178e+20,-5.08680316411112e+19
8.310546875,1.2109664456895259e+19,9237986096270288.0,32.483770151064526,68.21820951929416,16.742639475458137,35.16072464222999,33.97435468618269,2.442559561800628e+20,-5.371300575778161e+19
8.330078125,1.2141696585127903e+19,9781653277623410.0,32.52433642390288,68.17362126609034,16.719322502199237,35.045043046988106,33.85178447452729,2.8499638466211417e+20,-5.672487427725686e+19
8.349609375,1.2174078126897494e+19,1.035955448883932e+16,32.56542225855977,68.1283281891176,16.695915404992274,34.92860633088743,33.728307831071156,3.2835341984831635e+20,-5.9913819823617475e+19
8.369140625,1.2206815114283764e+19,1.0974002037690488e+16,32.60703717364381,68.08230744774849,16.672417539316413,34.81140162115289,33.603905496289684,3.744841768982789e+20,-6.329065738861947e+19
8.388671875,1.2239913692977777e+19,1.1627476551561798e+16,32.64919085460718,68.03553518994687,16.648828260099894,34.693415708320195,33.47855760629075,4.235568292128232e+20,-6.686687217286077e+19
8.408203125,1.227338012047916e+19,1.232264024477915e+16,32.691893146585194,67.98798648597655,16.625146922260157,34.57463503525621,33.352243666473655,4.757513553513034e+20,-7.065465922745227e+19
8.427734375,1.230722076496915e+19,1.3062351323157936e+16,32.7351540491525,67.93963526416225,16.601372881293923,34.45504568579553,33.224942524072745,5.312604052191549e+20,-7.466696487899439e+19
8.447265625,1.234144210491919e+19,1.384967963220677e+16,32.778983713150254,67.89045424889422,16.577505493922864,34.33463337299261,33.09663233952457,5.9029029515376014e+20,-7.891752989609012e+19
8.466796875,1.237605072924084e+19,1.4687923666334338e+16,32.82339243906586,67.84041489965904,16.553544118801717,34.21338342698661,32.967290556585475,6.530621290590416e+20,-8.342093432503203e+19
8.486328125,1.2411053337607336e+19,1.5580629068527398e+16,32.86839067598738,67.78948734897192,16.52948811729515,34.091280782489314,32.83689387112006,7.198130349657636e+20,-8.819264388393756e+19
8.505859375,1.2446456740494766e+19,1.6531608763448248e+16,32.913989019948424,67.73764033667388,16.505336854329812,33.968309965896914,32.70541819847497,7.907975042177459e+20,-9.324905775661151e+19
8.525390625,1.2482267858488631e+19,1.75449648819088e+16,32.96019821048753,67.68484113809355,16.481089699327473,33.844455082015976,32.572838639350465,8.662888230516353e+20,-9.860755756775604e+19
8.544921875,1.2518493720461206e+19,1.862511265140885e+16,33.00702912441907,67.63105548400074,16.4567460272259,33.71969980041089,32.43912944408313,9.465805919667643e+20,-1.0428655724760208e+20
8.564453125,1.2555141460326275e+19,1.9776806446102292e+16,33.05449276609204,67.57624747082427,16.432305219594053,33.59402734134838,32.304263975254656,1.0319883351603197e+21,-1.103055534040951e+20
8.583984375,1.2592218312205185e+19,2.1005168210424536e+16,33.10260025376395,67.52037946040215,16.40776666585069,33.467420461345775,32.1682146685457,1.1228512090950837e+21,-1.166851757114535e+20
8.603515625,1.2629731603967668e+19,2.23157184939702e+16,33.15136280206186,67.46341196923248,16.383129764595097,33.339861438318735,32.03095299175593,1.219533825427365e+21,-1.2344723669172294e+20
8.623046875,1.2667688749219703e+19,2.371441036137599e+16,33.20079170079529,67.40530354779203,16.358393925060703,33.21133205632791,31.892449401912753,1.3224282090767877e+21,-1.3061478010657802e+20
8.642578125,1.2706097237871227e+19,2.520766647031307e+16,33.25089829054491,67.34601065082582,16.333558568703225,33.08181358993511,31.75267330039177,1.4319559173374694e+21,-1.3821212698497874e+20
8.662109375,1.2744964625418158e+19,2.6802419643650736e+16,33.30169393545402,67.28548749952036,16.308623130935654,32.95128678818734,31.611592985968752,1.5485703502663456e+21,-1.4626491808226773e+20
8.681640625,1.2784298521023676e+19,2.8506157298898452e+16,33.35318999352179,67.22368593620024,16.283587063024168,32.819731858249085,31.469175605719474,1.6727592851393369e+21,-1.5480015129063408e+20
8.701171875,1.2824106574407266e+19,3.0326970139722796e+16,33.40539778449915,67.16055527182934,16.25844983416007,32.687128448727144,31.325387103677073,1.805047667445808e+21,-1.638462121908479e+20
8.720703125,1.2864396461468314e+19,3.2273605561301564e+16,33.458328555281724,67.0960421261807,16.233210933724994,32.55345563273409,31.180192167148906,1.9460006873205524e+21,-1.7343289554011475e+20
8.740234375,1.2905175868491012e+19,3.435552627425782e+16,33.51199344249354,67.0300902601714,16.20786987376798,32.418691890748946,31.033554170584893,2.096227164701955e+21,-1.8359141501769833e+20
8.759765625,1.2946452474685098e+19,3.658297471175204e+16,33.5664034317274,66.96264039945234,16.182426191714992,32.282815093350635,30.885435116879066,2.2563832616629678e+21,-1.943543979824491e+20
8.779296875,1.2988233932696664e+19,3.896704385197542e+16,33.62156931261154,66.89363004778006,16.15687945333356,32.14580248389985,30.73579557597656,2.42717653934177e+21,-2.0575586131501987e+20
8.798828125,1.3030527846582184e+19,4.151975516489744e+16,33.67750162852349,66.82299328810872,16.131229255976,32.00763066127189,30.584594620650883,2.609370381273681e+21,-2.1783116359912446e+20
8.818359375,1.3073341746621164e+19,4.425414447897794e+16,33.734210619493,66.75066056885547,16.105475232126782,31.868275562746167,30.43178975931084,2.803788813560774e+21,-2.3061692791350333e+20
8.837890625,1.3116683060311087e+19,4.718435666216749e+16,33.79170615678312,66.67655847283865,16.079617053282018,31.72771244719238,30.277336865693055,3.0113217620542714e+21,-2.4415092832732758e+20
8.857421875,1.3160559078978783e+19,5.032575012366991e+16,33.849997667904404,66.60060946702637,16.053654434192566,31.58591587870824,30.121190105290697,3.2329307946704207e+21,-2.5847193177854378e+20
8.876953125,1.3204976919617534e+19,5.3695012270708184e+16,33.909094051295654,66.5227316323433,16.02758713750446,31.442859710905,29.963301858360396,3.469655402788744e+21,-2.736194853210455e+20
8.896484375,1.3249943481713846e+19,5.731028720034618e+16,33.9690035803341,66.44283837374395,16.001414978837442,31.298517072069686,29.803622639334364,3.722619881954944e+21,-2.896336366963825e+20
8.916015625,1.329546539884917e+19,6.1191317073092216e+16,34.02973379641071,66.36083811105331,15.97513783234442,31.152860351474942,29.642101012443494,3.993040882013851e+21,-3.0655457375098425e+20
8.935546875,1.3341548984713343e+19,6.535959880581288e+16,34.09129139046033,66.27663395056648,15.948755636804043,31.00586118716896,29.478683503331087,4.2822357109591365e+21,-3.244221652991028e+20
8.955078125,1.3388200172923353e+19,6.98385579402498e+16,34.15368207174629,66.1901233364413,15.922268402303544,30.857490455627982,29.31331450640238,4.5916314917239993e+21,-3.432753825280804e+20
8.974609375,1.3435424449841463e+19,7.465374179466093e+16,34.21691042224058,66.10119768032342,15.895676217579094,30.707718263744585,29.1459361876141,4.922775281286438e+21,-3.631515758403952e+20
8.994140625,1.3483226779531375e+19,7.983303429517552e+16,34.28097973485204,66.00974196778195,15.86897925808833,30.556513943700796,28.97648838235177,5.277345263806058e+21,-3.840855769864426e+20
9.013671875,1.3531611520049504e+19,8.540689521671522e+16,34.345891833964174,65.91563434092318,15.84217779489955,30.403846051381308,28.80490848796932,5.657163127156628e+21,-4.061085902921371e+20
9.033203125,1.3580582330295222e+19,9.140862694834382e+16,34.41164687686072,65.81874565719592,15.815272204487021,30.249682369089697,28.631131350470064,6.064207733444741e+21,-4.292468295171257e+20
9.052734375,1.3630142066486755e+19,9.78746723435589e+16,34.47824313427075,65.71893902423422,15.788262979527653,30.093989913464256,28.455089144691264,6.500630207037154e+21,-4.535198481391208e+20
9.072265625,1.3680292666958758e+19,1.0484494773287608e+17,34.54567674738024,65.61606930948703,15.761150740797378,29.936734949639785,28.27671124721099,6.968770590642677e+21,-4.7893850034405075e+20
9.091796875,1.3731035023511745e+19,1.1236321577661098e+17,34.61394145755456,65.509982622037,15.733936250271599,29.77788301289236,28.09592410102694,7.471176256229669e+21,-5.055024573493151e+20
9.111328125,1.378236883716233e+19,1.2047750353509424e+17,34.68302830415139,65.4005157632891,15.706620425542944,29.617398939231038,27.912651070845612,8.010622294839625e+21,-5.3319718846902816e+20
9.130859375,1.3834292455936506e+19,1.2924057194976598e+17,34.75292528541547,65.28749564353635,15.679204355687729,29.45524690666805,27.72681228755599,8.5901341425892e+21,-5.6199029803203035e+20
9.150390625,1.388680269225237e+19,1.3871044388354973e+17,34.8236169773628,65.17073866248587,15.651689318738526,29.291390489223474,27.538324480124572,9.213012730849028e+21,-5.91827087268768e+20
9.169921875,1.3939894617282146e+19,1.4895099898894035e+17,34.89508410535295,65.05005005282639,15.62407680095475,29.12579272609793,27.34710079271619,9.882862482705294e+21,-6.226251838518017e+20
9.189453125,1.3993561329321196e+19,1.6003264498915043e+17,34.96730306234809,64.92522318623087,15.596368518124192,28.958416208896892,27.153050584298516,1.0603622520361608e+22,-6.542680500242565e+20
9.208984375,1.4047793692594514e+19,1.7203307650994685e+17,35.040245366592856,64.79603884078885,15.568566439170715,28.789223190329572,26.95607920729868,1.1379601499737964e+22,-6.865971421364923e+20
9.228515625,1.4102580042144889e+19,1.850381344342801e+17,35.11387704973145,64.66226442806588,15.540672812381736,28.618175718447308,26.75608776101855,1.2215516546717549e+22,-7.194024487055091e+20
9.248046875,1.4157905849494653e+19,1.9914278092565088e+17,35.18815796426278,64.52365317702314,15.512690194598534,28.44523580125233,26.552972814433446,1.3116536833104878e+22,-7.524110793789954e+20
9.267578125,1.4213753342565521e+19,2.1445220784928294e+17,35.26304099650032,64.37994327063217,15.484621483730669,28.270365607428637,26.34662609165343,1.4088332402473614e+22,-7.852735117630404e+20
9.287109375,1.4270101071703335e+19,2.310830993984277e+17,35.338471167434975,64.23085692854546,15.456469954966332,28.093527710041794,26.13693411164592,1.5137128942959197e+22,-8.175470250580667e+20
9.306640625,1.4326923411384474e+19,2.4916507341190502e+17,35.41438459863812,64.07609942502049,15.428239301063126,27.914685381382608,25.923777771736134,1.6269769311489494e+22,-8.486757567119048e+20
9.326171875,1.4384189984084726e+19,2.6884233027825517e+17,35.49070731317577,63.915358024882686,15.399933677135222,27.733802948722534,25.707031861820195,1.7493782744945593e+22,-8.779667085291173e+20
9.345703125,1.4441864988628031e+19,2.9027554362210445e+17,35.56735383191577,63.74830081105195,15.371557750419626,27.550846222680498,25.48656449303471,1.8817462849159817e+22,-9.045608994704823e+20
9.365234375,1.4499906409745818e+19,3.136440333581969e+17,35.64422551280681,63.57457536405783,15.34311675562115,27.36578301225096,25.262236420685756,2.0249955637213943e+22,-9.273987114281227e+20
9.384765625,1.4558265078056325e+19,3.3914826942423034e+17,35.721208563492766,63.393807235488055,15.314616556598121,27.178583743384955,25.033900236382888,2.1801359095358363e+22,-9.451782996742343e+20
9.404296875,1.4616883539533038e+19,3.6701276387070976e+17,35.798171634378214,63.20559813152115,15.286063715344724,26.989222201491465,24.801399398344145,2.348283598923999e+22,-9.563057405093246e+20
9.423828125,1.46756946797925e+19,3.9748942037365786e+17,35.8749628676204,63.009523686592686,15.257465569415999,26.79767642245308,24.56456706149636,2.5306741888016307e+22,-9.588353657660071e+20
9.443359375,1.4734620029634916e+19,4.308614241141498e+17,35.9514062337532,62.805130655949796,15.228830319091413,26.603929761929994,24.32322466000342,2.7286770689021737e+22,-9.503984913979315e+20
9.462890625,1.4793567651740482e+19,4.674477719175022e+17,36.02729692588218,62.59193328120685,15.200167125658181,26.40797217907302,24.07718018388705,2.9438120289988067e+22,-9.281184950779031e+20
9.482421875,1.4852429470683339e+19,5.076085632759949e+17,36.10239549325378,62.36940847339199,15.171486222216519,26.209801778582808,23.826226078089483,3.1777681501750534e+22,-8.885099544056554e+20
9.501953125,1.4911077854748625e+19,5.5175119825577114e+17,36.17642027061547,62.13698929848532,15.142799038410578,26.00942666472285,23.57013667625745,3.432425383122443e+22,-8.273593568213212e+20
9.521484375,1.4969361182202006e+19,6.003376593432884e+17,36.2490374829581,61.8940560220035,15.114118340557667,25.806867172893703,23.30866506225587,3.7098792373311318e+22,-7.39584792574108e+20
9.541015625,1.5027098018985239e+19,6.538930922258369e+17,36.3198481594958,61.639923649347715,15.085458388847202,25.60215855930331,23.041539229466814,4.01246907183008e+22,-6.190721394468283e+20
9.560546875,1.5084069383554736e+19,7.130159466734447e+17,36.3883706396494,61.373824435430805,15.056835113727796,25.395354247906337,22.768457380854343,4.342810537605243e+22,-4.584856996840305e+20
9.580078125,1.514000836025717e+19,7.783899944938267e+17,36.45401695748632,61.094883177541995,15.028266314433697,25.186529757063212,22.489082181271428,4.703832785494785e+22,-2.4905230911679968e+20
9.599609375,1.5194586051585798e+19,8.507986082824403e+17,36.51606076086613,60.80208229880745,14.99977188116421,24.975787457572466,22.203033737155423,5.098821208072951e+22,1.967998850413681e+19
9.619140625,1.5247392184824359e+19,9.311417624319077e+17,36.57359285931093,60.49421142066885,14.971374052031186,24.763262350498554,21.909881040252014,5.531465835692599e+22,3.601038678680183e+20
9.638671875,1.529790887983549e+19,1.0204563075331101e+18,36.62546095197991,60.16979744492424,14.943097692875607,24.549129099440705,21.609131566119462,6.005918328061002e+22,7.86824015801923e+20
9.658203125,1.534547378000927e+19,1.1199401644139732e+18,36.670184555105806,59.82700271400257,14.914970560309774,24.333610610744902,21.3002186748944,6.526854904598729e+22,1.3169157143158344e+21
9.677734375,1.5389219288759405e+19,1.2309811397346778e+18,36.705815415122665,59.46344343768156,14.887024201826074,24.11698852905036,20.982486533553953,7.099525272462513e+22,1.9701307840160355e+21
9.697265625,1.5428061653546496e+19,1.3551913925989115e+18,36.72990931915879,59.07621745722028,14.859291300988033,23.899616092165164,20.655171531573956,7.730028726363436e+22,2.7689854087756613e+21
9.716796875,1.5460280787178506e+19,1.4944470766960154e+18,36.738573149305346,58.66038842605055,14.831822322677088,23.681934041942167,20.317382911551235,8.424444515977829e+22,3.738591717252735e+21
9.736328125,1.548447236836722e+19,1.650938337004535e+18,36.728679586966734,58.21272327721301,14.80466246969624,23.464489787905826,19.968072123901536,9.192896802300559e+22,4.906151013532362e+21
9.755859375,1.549679637252321e+19,1.8272197143880594e+18,36.691359656772256,57.72152363061607,14.777857871198183,23.247993199358707,19.606011118521533,1.0041081580113452e+23,6.299385165732865e+21
9.775390625,1.54939530582213e+19,2.0262675972107497e+18,36.619045512133155,57.17779562979731,14.7514390938983,23.033226708409327,19.229763916424844,1.097192351783125e+23,7.944227661191236e+21
9.794921875,1.5472586700233775e+19,2.2515632390075866e+18,36.50407782768633,56.573289028285004,14.725432626781384,22.821180890345147,18.837627362468286,1.2009315890687681e+23,9.86127085472766e+21
9.814453125,1.5420783003366318e+19,2.5071178609451756e+18,36.31904922817282,55.870184722019616,14.700010711774036,22.6132659998695,18.427655329240565,1.3161933175344915e+23,1.2056247688941793e+22
9.833984375,1.5331453628007064e+19,2.797508408763246e+18,36.04760843090487,55.04968299651304,14.675156093685274,22.41099293700459,17.997618992539095,1.4434125101147352e+23,1.4507390562111798e+22
9.853515625,1.5188585328667187e+19,3.1278845753951713e+18,35.652822228447185,54.06289070159593,14.650963776658491,22.216290625648288,17.544986567149056,1.584422969517596e+23,1.7146530029316348e+22
9.873046875,1.496759455094901e+19,3.503780162911608e+18,35.078015257382475,52.833204129220206,14.627584265311633,22.031524488744804,17.067367129879717,1.7395910344632777e+23,1.981785504758688e+22
9.892578125,1.4641955400301978e+19,3.9305883744822154e+18,34.261582792930966,51.280339126400186,14.604878519371603,21.85956015062236,16.560627148715216,1.912187542804233e+23,2.2267147934744095e+22
9.912109375,1.4146982282634678e+19,4.4129396653934034e+18,33.05483846267353,49.193935397847696,14.583468763713526,21.703879367544435,16.025339995101508,2.0963587680744937e+23,2.4048286503895596e+22
9.931640625,1.344957455035478e+19,4.952513074830863e+18,31.379033431054268,46.47715930783281,14.561986416333635,21.568534604848384,15.45930776250399,2.3087531987590245e+23,2.4406023662037237e+22
9.951171875,1.2335747710027268e+19,5.542839577632015e+18,28.743924675944918,42.41073247493698,14.543542144161629,21.45852688724461,14.868189023686387,2.5061058846918665e+23,2.2352815261231908e+22
9.970703125,1.0823121826978122e+19,6.164510516358622e+18,25.180218300665537,37.07285733438927,14.521000828869687,21.379282353999187,14.265950343987436,2.766794893555749e+23,1.681622331430903e+22
9.990234375,8.140463250875149e+18,6.749868186157658e+18,18.937099791344536,27.83238328421338,14.519576656640412,21.339826616324686,13.7035766953209,2.7531555813435932e+23,7.305189274366124e+21
