5.923009766 -7.868180176
5.688709961 -7.826120117
5.377549805 -7.736779785
5.066390137 -7.610870117
4.75522998 -7.448410156
5.163 -7.102350098
5.7 -7.102350098
5.7 -6.999
5.094 -6.999
4.444069824 -7.249399902
4.132910156 -7.013819824
3.82175 -6.741689941
3.510580078 -6.433
3.199419922 -6.08775
4.769740234 -3.805530029
4.88877002 -3.621679932
4.994069824 -3.446449951
5.091779785 -3.270379883
5.181149902 -3.095330078
5.263180176 -2.920080078
5.3385 -2.744330078
5.419899902 -2.534870117
5.493140137 -2.325659912
5.55875 -2.117530029
5.627120117 -1.875420044
5.687589844 -1.633400024
5.740609863 -1.391680054
5.786310059 -1.150089966
5.824450195 -0.907030029
5.850740234 -0.698390015
5.870759766 -0.489320007
5.883549805 -0.280399994
5.890009766 -7.03E-02
5.888700195  0.140539993
5.880009766  0.349529999
5.864819824  0.55973999
5.838399902  0.803450012
5.80897998  1.01198999
5.767660156  1.253390015
5.71872998  1.495349976
5.662609863  1.736949951
5.598870117  1.979079956
5.526759766  2.221689941
5.45727002  2.43075
5.382080078  2.634850098
5.302240234  2.830949951
5.214589844  3.025669922
5.12822998  3.200810059
5.035319824  3.373820068
4.928919922  3.556419922
4.822390137  3.725699951
4.716709961  3.88348999
3.199419922  6.08775
3.510580078  6.433
3.82175  6.741689941
4.132910156  7.013819824
4.444069824  7.249399902
5.094  6.999
5.7  6.999
5.7  7.102352051
5.163  7.102352051
4.75522998  7.448410156
5.066390137  7.610870117
5.377549805  7.736779785
5.688709961  7.826120117
5.919339844  7.864049805
5.999879883  7.878910156
5.7  7.887
4.175  7.975
4.162994141  7.969212891
3.86  7.82
3.612  7.641
3.33301001  7.395100098
3.104998047  7.11700293
2.873999023  6.777001953
2.65000293  6.777003906
2.648999023  6.777003906
2.425004883  6.777003906
2.099996094  6.777001953
2.099  6.777001953
1.840003052  6.776998047
1.799999023  6.777000977
1.737400024  6.566839844
1.650998047  6.330999023
1.675  6.300000977
2.000000977  5.897001953
1.712999023  4.799996094
1.677999023  4.623
1.653998047  4.423000977
1.642  4.284
1.628995972  4.102003906
1.614001953  3.998000977
1.585000977  3.500000977
1.549050049  1.37172998
1.533150024  0.80302002
1.52573999  0.2676698
1.52573999 -0.267670013
1.533150024 -0.80302002
1.549050049 -1.37172998
1.585 -3.5
1.614004028 -3.89799707
1.628995972 -4.102000977
1.641999023 -4.284000977
1.654000977 -4.423000977
1.678 -4.622996094
1.713003052 -4.800001953
2.0 -5.897000977
1.675 -6.30000293
1.650999023 -6.33099707
1.737400024 -6.566839844
1.799999023 -6.77700293
1.839999023 -6.776999023
2.098998047 -6.777
2.099996094 -6.777000977
2.649000977 -6.776998047
2.650000977 -6.777
2.858350098 -6.777444824
3.104999023 -7.117
3.33301001 -7.395100098
3.612 -7.641
3.86 -7.82
4.16298584 -7.969206055
4.175000977 -7.974999023
5.7 -7.887
5.999879883 -7.878910156
